1.0 2.6195612475677788 2.937101484756349 3.1936246634231 0.38582708031514557 241.8511533223332
2.0 2.618586457276538 2.93669724679111 3.1936707339148733 0.38582985444761425 241.86633115214832
3.0 2.6164646298667082 2.9351667395034773 3.192615067449266 0.38578047920749914 241.87559659797438
4.0 2.6133388142908545 2.9326305617529056 3.1905517818777613 0.38573220915025597 241.88561094175003
5.0 2.609334403516372 2.9292143349084805 3.187606725074272 0.38568491163357577 241.89628149115478
6.0 2.6045614181936183 2.9250282789750606 3.183890312738146 0.3856384722569682 241.9075274829144
7.0 2.5991164661138892 2.9201691759660786 3.179499496562433 0.38559279199878593 241.91927840477177
8.0 2.5930844301880556 2.9147220612092375 3.1745194594597685 0.38554778487999863 241.9314725869546
9.0 2.586441894208578 2.9087160819021474 3.169025080895619 0.3855033760426818 241.94405601287605
10.0 2.57912861867507 2.902112459307307 3.16299619452683 0.38545959680110753 241.95704588663122
11.0 2.571231579739147 2.8949236668497145 3.1563804028919225 0.38541651640155544 241.97048403410193
12.0 2.5628272045470957 2.887226326937222 3.1492545077688123 0.3853740597132915 241.98431547172456
13.0 2.5539826678941413 2.879087785442065 3.141686012135838 0.3853321611318887 241.99849196110156
14.0 2.5447570207164185 2.870567243294662 3.1337342547764564 0.385290763260225 242.01297113914424
15.0 2.5352021746194278 2.8617167436826274 3.1254514000195575 0.38524981580062373 242.02771577212914
16.0 2.5253637626218333 2.8525820351018996 3.1168833029480254 0.38520927461864196 242.04269311334258
17.0 2.515281893045757 2.8432033272469783 3.1080702671305014 0.38516910094743295 242.05787434784682
18.0 2.504991810843129 2.8336159540754795 3.0990477092655824 0.38512926070804077 242.07323411093614
19.0 2.4945244784842906 2.823850956211154 3.0898467429461496 0.38508972392595264 242.08875006925314
20.0 2.4839070867513238 2.813935593059476 3.080494691952899 0.3850504642280848 242.10440255544887
21.0 2.4731635042990185 2.8038937935250936 3.0710155419950143 0.3850114584073933 242.12017424880358
22.0 2.4623146736111066 2.7937465529811645 3.061430338571277 0.3849726860446677 242.13604989546357
23.0 2.4513789599420854 2.783512283099836 3.0517575375801482 0.3849341291789455 242.15201606295443
24.0 2.4405847666999403 2.7733041953031545 3.0420133144255304 0.384895772019473 242.16806092445077
25.0 2.429940435058164 2.763234130817878 3.032396929574647 0.3848573656242629 242.18402864340055
26.0 2.4194306471239355 2.753298935672879 3.0229154923373653 0.3848188979426505 242.19991272345143
27.0 2.40904193861945 2.74348512425089 3.01355549241062 0.3847803832225844 242.21572290703156
28.0 2.3987624801250758 2.7337808484907864 3.004305059734134 0.3847418341716334 242.23146778176968
29.0 2.388581883025799 2.724175703508098 2.9951537698315205 0.38470326211938316 242.24715491156314
30.0 2.3784910275582742 2.7146605553536642 2.986092471315066 0.3846646771646884 242.2627909537253
31.0 2.368481910595357 2.705227388543318 2.9771131331854583 0.3846260883088104 242.2783817635159
32.0 2.3585475110298657 2.6958691712166893 2.9682087097828815 0.38458750357549165 242.293932487271
33.0 2.3486816708284084 2.6865797359926322 2.9593730214551974 0.38454893011900365 242.30944764526126
34.0 2.338878583789612 2.6773547673077362 2.9506006492025785 0.3845103743211822 242.32493120531785
35.0 2.3291331154183164 2.6681961856198106 2.94190480921275 0.38445121524741144 242.3404918969685
36.0 2.3194412252448333 2.65909255787553 2.933265265639881 0.38438930308417874 242.35604287626225
37.0 2.309670467484994 2.649979052694457 2.9246759798370046 0.38432744688585396 242.37157250882944
38.0 2.299729832293788 2.6407520228246693 2.9160220559647017 0.38426590803141114 242.3871740729047
39.0 2.2896470750234483 2.6313824945542468 2.9072247282170327 0.3842048741398972 242.4029125104967
40.0 2.2794463218383028 2.621894664159637 2.8983082712202988 0.384144300306055 242.41876915986208
41.0 2.269148533231907 2.6123095530751343 2.889293774854235 0.384084147402537 242.43472774557492
42.0 2.2587719086677547 2.602645413716815 2.8801995513142367 0.38402438135118194 242.45077407524568
43.0 2.248332239949176 2.5929180838810897 2.871041490586227 0.38396497249133726 242.46689577532032
44.0 2.237816355204721 2.583128807274813 2.8618333709462567 0.3839058950309391 242.48308206066332
45.0 2.227238293625533 2.5732780946459117 2.8525639172295496 0.3838471831824622 242.49934287995305
46.0 2.216611890282211 2.563378928397555 2.8432453796229136 0.3837888145015638 242.51566864429387
47.0 2.2059491178974664 2.5534433169798887 2.833889807899019 0.38373076604865386 242.53204980024944
48.0 2.195260328263017 2.5434816431221092 2.824507620739188 0.383673017957508 242.5484780341342
49.0 2.184554462934491 2.5335028751514597 2.8151078177153277 0.3836155530567191 242.5649461138883
50.0 2.173937123477772 2.523559668935219 2.805698164267463 0.38355835653872045 242.58144775093774
51.0 2.1635478043299154 2.5137651682531845 2.7963696590827145 0.3835011970841 242.5979057337129
52.0 2.1533587995453902 2.50417144557415 2.787242276876911 0.3834437578231803 242.6142170335165
53.0 2.1433460870085277 2.4947544356977347 2.7782918858781804 0.3833860903440092 242.63040070639323
54.0 2.133488852546337 2.4854932380908683 2.7694975761210476 0.3833282400896439 242.64647333389837
55.0 2.1237689222297287 2.476369685483604 2.7608410896758953 0.3832702470521746 242.6624494626358
56.0 2.114170688761413 2.467368152460269 2.7523067459916835 0.3832121467522508 242.67834161822506
57.0 2.1046806824585524 2.4584751454318035 2.743881011899076 0.3831539701311345 242.69416064392516
58.0 2.0952845123260446 2.4496771784292037 2.7355521867532073 0.3830957443029367 242.70991594082656
59.0 2.0859703852534848 2.440956667788426 2.7272952525900163 0.38305056218415623 242.72554630010399
60.0 2.07672999623787 2.4323063747454348 2.7191038291728913 0.38301434719421185 242.74108198554055
61.0 2.06755632587288 2.42372302066499 2.7109793045619566 0.3829781456679816 242.75657774196665
62.0 2.0584433154816257 2.415200538399171 2.7029155948224366 0.38294196704442185 242.77203853004045
63.0 2.0493857366150166 2.4067336922692513 2.694907449591698 0.382905819631338 242.78746863339327
64.0 2.0403790778236384 2.3983179646628625 2.686950338410138 0.3828697107491637 242.802871748559
65.0 2.031383162062127 2.3899324732059157 2.6790403521706643 0.38283364685746785 242.81825106334122
66.0 2.0222070432677333 2.381469618148465 2.6711431365520997 0.38279769124617313 242.83363716829194
67.0 2.012882010608435 2.3728575825452154 2.663095738179592 0.38276215085618376 242.84917694650164
68.0 2.0034348395435138 2.364123207632708 2.654925098249477 0.3827269846769532 242.86482771463488
69.0 1.9938884310197342 2.355289450549543 2.6466542598521987 0.3826921575514421 242.88058831600603
70.0 1.984262360539757 2.3463759347833757 2.638302920364548 0.3826576393569999 242.8964425053036
71.0 1.9745733499856761 2.337399423173774 2.6298879061180362 0.3826234043065948 242.91237577600253
72.0 1.9648356731551226 2.328374224457896 2.621423580373755 0.3825894303510659 242.9283756858837
73.0 1.9550615043557051 2.3193125427297656 2.6129221940103493 0.38255569866660916 242.94443156667836
74.0 1.945261218048227 2.3102247778245815 2.604394186966237 0.38252219321448516 242.96053427445082
75.0 1.9354436463838212 2.3011197834910653 2.595848447323938 0.38248890036217115 242.9766759749011
76.0 1.9256163005088167 2.2920050892408463 2.5872925339463992 0.38245580855695727 242.99284995864335
77.0 1.915785560684221 2.2828870909347314 2.578732867742789 0.38242290804444307 243.00905048224797
78.0 1.9060887938004463 2.273831937589757 2.5701748959309914 0.38239019062556434 243.02527263144745
79.0 1.8966101806067015 2.2649410384812305 2.561735089303798 0.382357411750153 243.04140767258048
80.0 1.8873201151512269 2.2562390481627945 2.553484590851504 0.3823244136606082 243.0573855994554
81.0 1.8781933459624922 2.2477006850307104 2.545398037468961 0.38229124153171806 243.07321140992713
82.0 1.8692083506394315 2.2393044012571246 2.5374538109156477 0.382257934535185 243.0889240603572
83.0 1.860346796955164 2.2310318431825134 2.5296334967669862 0.38222452660756895 243.10453978862992
84.0 1.8515930792201352 2.222867387067298 2.521921418891457 0.38219104713158775 243.1200724621426
85.0 1.8429339199294 2.2147977402262247 2.514304239468319 0.3821575215376436 243.13553391332746
86.0 1.8343580279401441 2.206811598761029 2.5067706157379592 0.38212397183274915 243.1509342297745
87.0 1.8258558054853984 2.198899354199765 2.499310905785025 0.3820904170640178 243.16628200462486
88.0 1.8174190973112008 2.1910528423151883 2.4919169166104935 0.3820568737235866 243.18158455232586
89.0 1.8090409760898376 2.183265128267439 2.4845816886255845 0.3820233561014674 243.19684809426505
90.0 1.800715559029998 2.1755303229848395 2.4772993114697717 0.381989876592334 243.2120779182766
91.0 1.792437851282112 2.167843426374933 2.4700647667344215 0.3819564459617327 243.22727851553233
92.0 1.7841954681973144 2.16019638939819 2.4628737937703136 0.3819230735766859 243.24245369789347
93.0 1.7759735394057037 2.1525767061432135 2.455715922802175 0.38188978433473464 243.25761334935868
94.0 1.7677721933400046 2.1449777792634426 2.4485786151173548 0.38185660920368436 243.27276947978322
95.0 1.759591523778301 2.137399702890453 2.4414619647218085 0.3818235489003211 243.28792190413125
96.0 1.7513220900532276 2.129791169571547 2.434366036179803 0.38179060421478 243.30306782419592
97.0 1.7428597030561823 2.122054709904117 2.4271989229881954 0.3817580094034938 243.31828155538653
98.0 1.734240374131456 2.1141610588397253 2.4198733211521155 0.3817259962833844 243.3336674870568
99.0 1.7254943646687866 2.106140548488643 2.412419712199485 0.3816945010380879 243.34919703875815
100.0 1.7166470904790698 2.098018653879053 2.40486369727275 0.3816634699751245 243.3648461305895
