0.0 2.5151463299161834 2.8601715135345747 3.144468564875188 0.38965385319224993 242.1904205852156
1.0 2.518233986703268 2.8630824827907806 3.1471789308364064 0.38993148690360474 242.1946758552004
2.0 2.520674961159583 2.865514837049303 3.1495967158947513 0.3899348685525575 242.20076123028056
3.0 2.5225433287961847 2.867381246766386 3.15145424209613 0.3899375386561184 242.20730888018767
4.0 2.523904506161272 2.8687463483571087 3.152815486002095 0.38993958176470556 242.21426476932044
5.0 2.5248163018019967 2.8696672681961 3.153736995149058 0.3899410716246137 242.2215814171897
6.0 2.525329831212253 2.87019452409116 3.1542687787759416 0.38994207270136955 242.22921705024476
7.0 2.525490315151918 2.8703728122228407 3.1544550856105067 0.38994264145893875 242.23713487461285
8.0 2.5253377775995705 2.8702416954393053 3.1543350843340785 0.38994282743966835 242.24530245025596
9.0 2.5249076570496065 2.8698362063198064 3.153943459920529 0.3899426741805105 242.25369115062907
10.0 2.524231342768725 2.869187376382533 3.1533109370484547 0.3899422199938848 242.26227569476
11.0 2.5233366458943647 2.868322701125769 3.15246474013099 0.3899414986359625 242.2710337409491
12.0 2.5222482138178703 2.8672665491875584 3.15142899812951 0.38994053988079536 242.27994553310495
13.0 2.5209878950924014 2.8660405227346915 3.1502251011636155 0.38993937001528534 242.2889935922178
14.0 2.5195750610955496 2.86466377520457 3.148872014959072 0.38993801226727537 242.29816244667242
15.0 2.5180268898245757 2.863153291689709 3.1473865583549023 0.38993648717687657 242.30743839608667
16.0 2.5163586164802783 2.861524136547366 3.1457836483945525 0.389934812919411 242.31680930417673
17.0 2.5145837548810026 2.859789672214364 3.144076529913804 0.3899330055869486 242.32626441681722
18.0 2.512714293223619 2.857961752692164 3.142277496619397 0.38993107943427924 242.33579420202582
19.0 2.5107608672583006 2.856050894725293 3.1403963870460867 0.3899290470942347 242.34539020906863
20.0 2.5087345180226124 2.8540672011143986 3.138442441915727 0.3899269197665111 242.35504494427144
21.0 2.506644919275146 2.8520202986337697 3.1364252526182312 0.3899247091449846 242.36475062271185
22.0 2.5044991736201534 2.8499179614319936 3.1343532229007205 0.3899224254795625 242.3745004244381
23.0 2.502303583886037 2.84776642169196 3.1322325245316462 0.3899200762442431 242.3842893495384
24.0 2.5000637433195276 2.8455712099339294 3.1300686343948008 0.3899176680725036 242.3941129616831
25.0 2.4977846155516756 2.8433372340872562 3.127866412796586 0.3899152068527164 242.40396732427058
26.0 2.495470605510166 2.841068849611653 3.125630172910488 0.38991269781246496 242.41384894389986
27.0 2.4931256223142353 2.838769921691873 3.1233637423722533 0.38991014559311005 242.42375472030838
28.0 2.490753135067263 2.836443880410053 3.1210705179209586 0.38990755431577784 242.43368190201917
29.0 2.4883562223555202 2.8340937696948147 3.118753513877081 0.3899049276397929 242.44362804703263
30.0 2.485937616168103 2.831722290753818 3.116415405157276 0.38990226881444895 242.45359098798008
31.0 2.4834991046049453 2.829331840614993 3.1140585654449833 0.3898995807248991 242.46356880122482
32.0 2.481043133720133 2.826924546329902 3.1116851010648774 0.3898968659328505 242.4735597794562
33.0 2.4785719551284977 2.8245022953294017 3.1092968810465247 0.389894126712665 242.48356240737996
34.0 2.4760872624342904 2.8220667623658184 3.106895563807349 0.3898913650833955 242.49357534014825
35.0 2.4735905583600646 2.8196194334264497 3.1044826208359253 0.3898885828372227 242.50359738422
36.0 2.471083176207473 2.8171616269595234 3.1020593577134683 0.38988578156470405 242.51362748037582
37.0 2.4685662989068464 2.8146945127151097 3.099626932773115 0.3898829626771961 242.52366468864147
38.0 2.466040975926674 2.812219128469183 3.097186373662654 0.3898801274267718 242.53370817490728
39.0 2.463508138283642 2.809736394868852 3.0947385920463724 0.38987727692391433 242.54375719904823
40.0 2.4609686118666367 2.8072471286098635 3.0922843966551894 0.3898744121532382 242.55381110437958
41.0 2.458423129264072 2.8047520541337008 3.0898245048705344 0.38987153398745983 242.56386930829404
42.0 2.455872340262593 2.8022518140105053 3.0873595530066944 0.3898686431998132 242.57393129395047
43.0 2.453316821166355 2.799746978155405 3.08489010543772 0.3898657404750845 242.58399660289405
44.0 2.4507570830692194 2.7972380520091704 3.0824166626986296 0.389862826419421 242.59406482850446
45.0 2.4481935791974077 2.794725483799477 3.0799396686760545 0.38985990156904954 242.6041356101777
46.0 2.445626711426953 2.792209670985967 3.077459516990518 0.389856966398027 242.6142086281623
47.0 2.443056836068514 2.789690965980697 3.074976556661111 0.3898540213251312 242.62428359897137
48.0 2.4404842690018294 2.7871696812253486 3.0724910971331068 0.3898510667199853 242.63436027131218
49.0 2.4379092902327564 2.7846460936973636 3.0700034127400224 0.38984810290850447 242.64443842247007
50.0 2.435332147937794 2.782120448909186 3.067513746663689 0.38984513017773653 242.6545178550989
51.0 2.43275306205351 2.779592964457445 3.065022314448622 0.3898421487801669 242.66459839437084
52.0 2.4301722274620796 2.7770638331726643 3.062529307120776 0.38983915893754467 242.67467988544618
53.0 2.427589816818219 2.7745332259143827 3.0600348939551667 0.3898361608442853 242.6847621912269
54.0 2.4250059830578583 2.772001294051488 3.057539224931767 0.3898331546704946 242.6948451903625
55.0 2.4224208616242415 2.7694681716631546 3.0550424329147026 0.3898301405646582 242.70492877547943
56.0 2.419834572443273 2.766933977491779 3.052544635585896 0.38982711865603165 242.715012851609
57.0 2.4172472216762184 2.764398816675794 3.050045937160715 0.3898240890567657 242.72509733479262
58.0 2.414658903274883 2.7618627822871176 3.047546429910174 0.3898210518637954 242.73518215084277
59.0 2.4120697003613905 2.759325956695207 3.045046195511444 0.3898180071605194 242.74526723424395
60.0 2.4094796864523604 2.7567884127772304 3.042545306245975 0.38981495501829283 242.75535252717643
61.0 2.406888926544956 2.7542502149916666 3.0400438260623948 0.3898118954977541 242.7654379786502
62.0 2.4042974780803634 2.751711420330721 3.037541811519433 0.38980882865000444 242.77552354373628
63.0 2.4017053917984654 2.749172079165169 3.0350393126223008 0.38980575451765626 242.785609182884
64.0 2.3991127124960356 2.7466322359937982 3.03253637356464 0.3898026731357645 242.79569486131595
65.0 2.3965194796992537 2.7440919301081466 3.030033033386591 0.389799584532655 242.80578054848988
66.0 2.3939257282602213 2.741551196182112 3.027529326558472 0.38979648873066053 242.81586621762256
67.0 2.391332714837291 2.739010654774235 3.0250252834984606 0.38979338574677425 242.8259518452656
68.0 2.3887422453532965 2.7364717378621757 3.0225219906628458 0.3897902770719465 242.83603652191266
69.0 2.3861540015188143 2.7339351009058213 3.0200210088126744 0.3897871648738316 242.84611893776625
70.0 2.3835677010821614 2.7314004653378863 3.01752206244364 0.3897840487655175 242.8561993223752
71.0 2.3809830937392236 2.7288675841567556 3.0150249072924535 0.3897809284005756 242.86627787956886
72.0 2.378399957506014 2.7263362383417284 3.012529326788512 0.38977780346853114 242.87635479036476
73.0 2.3758180955018493 2.72380623367412 3.0100351289073775 0.3897746736908364 242.88643021554887
74.0 2.3732373330967604 2.721277397918406 3.007542143380679 0.38977153881729226 242.89650429796484
75.0 2.3706587108338533 2.7187499794568866 3.0050502192222117 0.38976839862286694 242.9065771645454
76.0 2.368082161844004 2.7162245560354865 3.0025602563696894 0.38976525290486935 242.9166480653875
77.0 2.3655074206619044 2.7137009993637373 3.0000721956342398 0.3897621027805727 242.92671704191807
78.0 2.362934252010237 2.71117907718815 2.9975858072118298 0.38975894817033435 242.93678428529034
79.0 2.3603624472758793 2.708658583742413 2.995100887677092 0.38975578877648126 242.94684996633018
80.0 2.3577918214746334 2.7061393366002684 2.9926172567007114 0.3897526243318411 242.95691423674845
81.0 2.3552222105604277 2.703621174017134 2.9901347544185435 0.38974945459631477 242.96697723130816
82.0 2.35265346903996 2.7011039525735554 2.987653239099473 0.3897462793538307 242.9770390697487
83.0 2.3500854678582628 2.6985875450863808 2.985172585078285 0.38974309840963967 242.9870998584901
84.0 2.347518092524495 2.6960718387573026 2.9826926809234435 0.3897399115879105 242.99715969214634
85.0 2.3449512414507447 2.6935567335318704 2.9802134278132217 0.3897367187295951 243.00721865486656
86.0 2.342384824479672 2.691042140645098 2.97773473809646 0.38973351969053094 243.0172768215246
87.0 2.339818761579652 2.6885279813325607 2.975256534017166 0.3897303143397566 243.02733425877418
88.0 2.3372529816883625 2.6860141856881463 2.972778746584205 0.3897271025580145 243.03739102598414
89.0 2.334687421687985 2.6835006916518647 2.9703013145697508 0.38972388423642174 243.04744717606766
90.0 2.3321220254970925 2.680987444112902 2.967824183621754 0.3897206592752896 243.05750275621787
91.0 2.329556743265963 2.678474394114885 2.965347305477586 0.3897174275830745 243.06755780855988
92.0 2.326991530663582 2.675961498151691 2.962870637267264 0.38971418907544697 243.07761237072876
93.0 2.3244263482459004 2.673448717543556 2.9603941408961685 0.3897109436744646 243.0876664763814
94.0 2.3218611608961175 2.670936017884313 2.957917782498124 0.38970769130783783 243.09772015565176
95.0 2.319295937328802 2.668423368551694 2.955441531950901 0.38970443190827714 243.1077734355528
96.0 2.316730649650578 2.6659107422735073 2.952965362446997 0.3897011654129147 243.1178263403335
97.0 2.314165272970951 2.663398114743343 2.9504892501134434 0.3896978917627895 243.12787889179518
98.0 2.3115997850575707 2.6608854642801627 2.9480131736750144 0.389694610902391 243.1379311095723
99.0 2.30903416603085 2.6583727715267638 2.9455371141559277 0.3896913227792535 243.14798301138063
