0.0 2.27639167067 2.65283931356 2.96057182442 0.391987903226 244.215241225
1.0 2.27560197076 2.65261885606 2.96073459004 0.392220484879 244.220797057
2.0 2.27362767821 2.65124892058 2.9598410555 0.392140945529 244.229831173
3.0 2.27069205652 2.64890005748 2.95795610913 0.392064058575 244.239875156
4.0 2.26696213331 2.64575070513 2.95526714461 0.391989473989 244.250738103
5.0 2.26257632043 2.64194029795 2.95191415375 0.391916789924 244.262279166
6.0 2.25682843723 2.63730225575 2.94801324016 0.391845691538 244.274381755
7.0 2.25076820985 2.6318011975 2.94296123605 0.391786410491 244.287599929
8.0 2.24444885303 2.62603280028 2.93763231655 0.391744607965 244.300980421
9.0 2.23791773436 2.62005079611 2.93208866501 0.391703243258 244.31458992
10.0 2.2312141174 2.61389472275 2.92636996321 0.391662241164 244.328388547
11.0 2.22437058059 2.60759738349 2.92050913046 0.391621547004 244.342343125
12.0 2.21728667302 2.60112712907 2.91453347431 0.391581115314 244.356426094
13.0 2.20993270499 2.59442498265 2.90835908726 0.39154101781 244.370726358
14.0 2.20235953908 2.58750130495 2.90196162809 0.391501341677 244.385270365
15.0 2.19460951772 2.58039875465 2.8953839177 0.391462065752 244.400014375
16.0 2.18671765698 2.57315263166 2.8886614174 0.391423130233 244.414922431
17.0 2.17871290317 2.56579211719 2.8818234424 0.391384485495 244.429964753
18.0 2.17061917454 2.55834132375 2.87489421631 0.391346090377 244.445116676
19.0 2.16245622491 2.55082016566 2.86789374557 0.391307910744 244.460357776
20.0 2.1542403597 2.54324508085 2.86083854438 0.391269918292 244.475671144
21.0 2.14598502978 2.53562962942 2.85374223593 0.391232089563 244.491042785
22.0 2.13770132388 2.52798499002 2.84661605096 0.391194405127 244.506461119
23.0 2.12939837677 2.52032037129 2.83946924105 0.391156848899 244.521916567
24.0 2.12108370767 2.512643353 2.83230942127 0.39111940758 244.537396513
25.0 2.11276350063 2.50496016867 2.82514285412 0.391082070183 244.552881437
26.0 2.10444283681 2.49727593978 2.81797468472 0.391044827644 244.568383488
27.0 2.0961355729 2.48959926121 2.81080913557 0.391007672499 244.583898214
28.0 2.0880359944 2.48202451667 2.80365771021 0.390970589304 244.599413222
29.0 2.08011055346 2.47462478569 2.79668161113 0.390933382343 244.614753467
30.0 2.07233095098 2.467371607 2.7898523284 0.390895963801 244.629949633
31.0 2.0646738885 2.46024150659 2.78314628944 0.39085837739 244.645026241
32.0 2.05712019641 2.45321513358 2.77654409679 0.390820659492 244.660003515
33.0 2.04965400434 2.4462765282 2.77002968959 0.390782840301 244.674898249
34.0 2.0422623658 2.43941264705 2.76358996401 0.390744945045 244.689724162
35.0 2.03493465521 2.43261278154 2.75721416398 0.390706994464 244.704492537
36.0 2.02766214748 2.42586813766 2.75089345593 0.390669005724 244.719212652
37.0 2.02043768088 2.41917149643 2.74462058791 0.390630993041 244.733892135
38.0 2.01325537897 2.41251693379 2.73838960834 0.390592968188 244.748537248
39.0 2.00609845467 2.40589408039 2.73219563414 0.390554940912 244.763153132
40.0 1.9989589033 2.39929173921 2.72602477423 0.390516931609 244.777755
41.0 1.99169263431 2.39263947818 2.71987043856 0.390478959107 244.792349997
42.0 1.98426855098 2.38585899196 2.71361370239 0.3904411789 244.807070882
43.0 1.97672004735 2.37895226843 2.70722939305 0.390403720343 244.821945847
44.0 1.96907455812 2.37194696933 2.70074529997 0.390366573387 244.836922886
45.0 1.96135442873 2.36486564468 2.69418410204 0.39032969183 244.851998575
46.0 1.95357784903 2.357726651 2.68756426107 0.390293037858 244.867153078
47.0 1.94575961698 2.35054492176 2.68090079646 0.390256580565 244.882370102
48.0 1.93791176291 2.34333259733 2.67420591861 0.390220294703 244.897636355
49.0 1.93004405994 2.33609953995 2.6674895467 0.390184159666 244.912940996
50.0 1.922164441 2.32885375462 2.66075973193 0.390148158649 244.928275189
51.0 1.91427933963 2.32160173289 2.65402300326 0.390112277967 244.94363173
52.0 1.9063939683 2.31434873377 2.64728464982 0.39007650649 244.959004754
53.0 1.89851254551 2.30709901293 2.64054895148 0.390040835181 244.974389481
54.0 1.89063848126 2.29985600982 2.633819367 0.390005256721 244.989782021
55.0 1.88286026177 2.29266157729 2.62709868748 0.389969765195 245.005179209
56.0 1.87528104752 2.28560228553 2.62045945963 0.389934255906 245.020497612
57.0 1.86786618767 2.27870825904 2.61398591741 0.389898545122 245.035640055
58.0 1.86058714604 2.27195074997 2.6076492101 0.389862597314 245.050639252
59.0 1.85342078744 2.26530642198 2.60142587548 0.389826465435 245.065521184
60.0 1.8463483675 2.25875636612 2.59529690133 0.389790192864 245.080306953
61.0 1.83935470819 2.25228526969 2.58924689023 0.389753815061 245.095013683
62.0 1.83242752583 2.24588073891 2.58326337889 0.38971736099 245.109649971
63.0 1.82555688415 2.23953274732 2.57733628387 0.389680854299 245.124216226
64.0 1.81873474926 2.2332331872 2.57145745065 0.389644314286 245.138737799
65.0 1.81195462805 2.22697550487 2.5656202871 0.389607756696 245.15322203
66.0 1.80521127454 2.22075440457 2.55981946587 0.389571194378 245.167674858
67.0 1.79850045153 2.21456560816 2.55405068277 0.389534637817 245.182101076
68.0 1.79181873736 2.20840566015 2.54831046081 0.389498095574 245.196504556
69.0 1.78516336929 2.20227176981 2.54259599145 0.389461574644 245.210888419
70.0 1.7785319474 2.1961625528 2.53690500598 0.389425080748 245.225255181
71.0 1.77174392543 2.18999864552 2.53124757482 0.38937991917 245.239668945
72.0 1.76482197663 2.18371324984 2.52548255363 0.389322091183 245.254334358
73.0 1.75779697777 2.17732275843 2.51961084264 0.389264838714 245.269135274
74.0 1.7506937931 2.17085229889 2.51365774169 0.389208106163 245.284042596
75.0 1.74353233895 2.16432201706 2.50764355882 0.38915181256 245.299033222
76.0 1.73632855785 2.15774803934 2.50158455086 0.389095892717 245.314088606
77.0 1.72909520232 2.15114326534 2.49549372207 0.389040294234 245.329193864
78.0 1.72184246525 2.14451800532 2.48938146656 0.388984975021 245.344337052
79.0 1.71457848665 2.13788049271 2.48325608482 0.388929901309 245.359508595
80.0 1.707309761 2.1312372961 2.47712419892 0.388875046039 245.374700815
81.0 1.70004146446 2.12459365023 2.47099108609 0.388820387558 245.389907558
82.0 1.6927777177 2.11795372175 2.46486094663 0.388765908581 245.405115736
83.0 1.68552179677 2.11132082261 2.45873711899 0.388711595336 245.420312884
84.0 1.678450525 2.10477744183 2.45262225228 0.388657436886 245.435512451
85.0 1.67155919284 2.09839916621 2.44665962942 0.388603028374 245.450541668
86.0 1.66481421554 2.09216822785 2.44084493225 0.388548148557 245.465406657
87.0 1.65818804562 2.08605713885 2.43515078521 0.388492870395 245.480139474
88.0 1.65164192531 2.08003586792 2.42955479838 0.388437291722 245.49476608
89.0 1.64516243113 2.07408133533 2.42402554357 0.388381531004 245.509323715
90.0 1.63873892426 2.06818277218 2.41855215251 0.388325665707 245.523824733
91.0 1.63236292889 2.06233160522 2.41312598346 0.388269735092 245.538279172
92.0 1.62602769519 2.05652100584 2.40774015251 0.388213770697 245.552695031
93.0 1.61972784974 2.05074553684 2.40238917769 0.388157797888 245.56707868
94.0 1.6134591161 2.04500086999 2.39706869451 0.388101837064 245.581435188
95.0 1.60721809147 2.03928356039 2.3917752286 0.388045904645 245.595768584
96.0 1.60100206852 2.03359131912 2.38650601423 0.387990013855 245.61008207
97.0 1.59481021115 2.02792319894 2.38126019058 0.387934175361 245.624376491
98.0 1.58864155689 2.02227787831 2.37603677419 0.387878392262 245.638652927
99.0 1.58249432223 2.0166535513 2.37083394503 0.387822668258 245.652913523
