1.0 2.460584409053045 2.83680488195654 3.1431946846737566 0.38506560898564574 242.48212139834277
2.0 2.4587800855291135 2.835508820678931 3.142262598601921 0.3852377246055709 242.48982624181667
3.0 2.45590605142801 2.8332685297322677 3.140540699742989 0.385125672061568 242.49996326383598
4.0 2.4520967569586833 2.830100451549771 3.1378965946356905 0.3850167157864936 242.5108811770473
5.0 2.447482216161755 2.826127146308172 3.134446480679749 0.3849104892104102 242.52248335947206
6.0 2.442178005153231 2.821462482662718 3.1303026381247587 0.3848066405256553 242.53467673764047
7.0 2.4362838729221945 2.8162064691162576 3.125565377266019 0.3847048595544684 242.54737838982894
8.0 2.429885708383684 2.8104452171369525 3.1203210680758784 0.38460488065526827 242.56051711354726
9.0 2.4230574887769762 2.8042528947397183 3.1146441001620846 0.38450647644849006 242.5740316935263
10.0 2.415862943331161 2.7976933948412905 3.108598556780838 0.3844094519077372 242.58786945074652
11.0 2.408356977114894 2.790821763058463 3.1022396473178873 0.38431363947593755 242.6019850178893
12.0 2.400586892035475 2.7836854220451164 3.0956149355266933 0.384218895002109 242.61633930172823
13.0 2.392482290938211 2.7762729590982587 3.088765394400745 0.38412509434078707 242.6308986008476
14.0 2.3839233495621435 2.7684961816677482 3.081630779721688 0.38403246876309155 242.64571636497723
15.0 2.374980536643009 2.7603339666752738 3.0741084905008504 0.38394140797443954 242.66088331279136
16.0 2.3657143720123197 2.751847075632369 3.0662595471132073 0.3838517262701336 242.67633407995112
17.0 2.356176824036477 2.7430876841175107 3.0581363477163603 0.38376326428234 242.69203557746408
18.0 2.346412507368286 2.7341005845218085 3.049783876257632 0.38367588511032036 242.70795484781647
19.0 2.336459711011885 2.7249242183455906 3.0412407391998317 0.3835894710744117 242.7240599992947
20.0 2.326351281752834 2.7155915632255305 3.0325400562951397 0.38350392097917174 242.74032359799
21.0 2.3161153839846444 2.7061308958271235 3.0237102266605076 0.38341914779530933 242.7567220444459
22.0 2.3058297058610027 2.6965912472254496 3.0147755880748344 0.3833350766884959 242.7732350393745
23.0 2.2957347320881882 2.6871197096910207 3.0058028163399615 0.3832514678759313 242.78980459588175
24.0 2.28580663896533 2.677815543794058 2.996997704479631 0.3831675347688474 242.8062485892192
25.0 2.276024938598044 2.6686582125528426 2.9883396499922465 0.3830833441853823 242.82258407606608
26.0 2.2663720220692767 2.6596300648496713 2.979810944652184 0.38299895439457926 242.83882576556485
27.0 2.2568327629475444 2.6507159380033354 2.9713963760448614 0.38291441617609584 242.85498633119747
28.0 2.24739417360059 2.641902813267961 2.963082882143565 0.3828297737613128 242.87107668336924
29.0 2.238045107628201 2.633179517557607 2.9548592522175436 0.38274506566618366 242.88710620719328
30.0 2.228776002501052 2.6245364654705896 2.9467158681354615 0.38266032542604655 242.90308296956127
31.0 2.219578657193893 2.6159654363902063 2.938644480831345 0.382575582242238 242.91899715083898
32.0 2.2104460402322594 2.6074593820707017 2.930638017332913 0.3824908615497782 242.93486669283587
33.0 2.2013721241366087 2.5990122606832524 2.9226904143186854 0.38240618551475997 242.95070149427536
34.0 2.1923517427505446 2.5906188938004506 2.914796474674625 0.3823215734693575 242.96650591427172
35.0 2.183380529899439 2.5822753022886715 2.906951743968473 0.3822370422916773 242.98228368648796
36.0 2.1744549475704282 2.573981793453852 2.899159093209881 0.38214603513034506 242.99807572396125
37.0 2.1655719991973403 2.56574092599994 2.891431430149039 0.38203286511948675 243.01397529882811
38.0 2.156728983324168 2.5575401578921215 2.883743695323181 0.3819198582901938 243.02985662343207
39.0 2.147923580108277 2.5493771622843258 2.876093551184209 0.3818070275600454 243.04572159913394
40.0 2.139153796030623 2.541249939627468 2.8684789888000823 0.3816943843310334 243.06157184875534
41.0 2.130417916466297 2.533156770098687 2.860898280102039 0.3815819387006852 243.0774087563069
42.0 2.121499744670367 2.5249949006134464 2.8533499369439626 0.3814696996450522 243.09323350117307
43.0 2.1123636427241372 2.5166508140728756 2.8456504166155807 0.381358789836979 243.10921526995855
44.0 2.1030493104485948 2.5081274405443392 2.8377697191836315 0.38124942465798456 243.1253830142448
45.0 2.0924936817354776 2.4987375234947926 2.8297417956307753 0.3811414292570466 243.14170668316368
46.0 2.083148384081406 2.48730422945424 2.815548175087959 0.3859797149931807 243.13004022081302
47.0 2.073922458456272 2.4786811268701845 2.807392597436141 0.38596363683691925 243.14581314410773
48.0 2.0648007798822823 2.4701625417969173 2.7993416178333415 0.385947528248328 243.16150503813938
49.0 2.0557705012390546 2.461735611560814 2.79138233886782 0.38593139978305974 243.1771275598211
50.0 2.046598493121074 2.45328470839564 2.783503810481536 0.38591526054512515 243.1926864626479
51.0 2.0372915182316427 2.4447093780688443 2.7755095460911785 0.3858993008656884 243.20835812175886
52.0 2.027875612091279 2.4360250120265734 2.7674054472017438 0.38588351905130175 243.22415518903406
53.0 2.0183634758506073 2.427249284633086 2.759213624521587 0.385867897233131 243.240057208777
54.0 2.0087533376709743 2.4183871181379613 2.7509449301429583 0.3858524281293102 243.2560544701134
55.0 1.9990657506239042 2.4094474638529304 2.7425980307057656 0.385837116499094 243.27214907282013
56.0 1.989318033824113 2.4004476815610616 2.734190352004634 0.3858219480656575 243.2883247343393
57.0 1.9795247702871104 2.391402388491852 2.7257365671965066 0.38580691078873297 243.30456768247862
58.0 1.9697005181055833 2.3823249446852968 2.7172490213758302 0.3857919945320683 243.32086627256234
59.0 1.9601095501165093 2.3733445506069004 2.7087400109177477 0.3857771887548319 243.33720876080324
60.0 1.9507178867213588 2.3645638220927285 2.7004310667298905 0.385762259254227 243.35337527639012
61.0 1.9414968611302694 2.3559540624225774 2.692293406233241 0.3857472318995503 243.36939279244288
62.0 1.9324223063298913 2.3474910797601667 2.6843027642767594 0.38573212885918956 243.3852841368039
63.0 1.9234738624433494 2.3391544936688233 2.676438697891742 0.3857169691121699 243.40106860920793
64.0 1.9146343875659377 2.3309271452393645 2.668683994885479 0.3857017688959948 243.41676251097434
65.0 1.905889457310933 2.322794596043096 2.6610241714631138 0.38568654209686376 243.432379598537
66.0 1.897226972846659 2.314744955000592 2.6534470460101742 0.38567130058833216 243.44791652772759
67.0 1.888637170471501 2.3067706065933655 2.645945869897426 0.38565290544788183 243.4634097634857
68.0 1.88011279441457 2.2988681623323886 2.6385247758979404 0.385620175657792 243.47894340899052
69.0 1.871646453366235 2.2910239686300344 2.631161884857781 0.38558746814943246 243.49443574338636
70.0 1.8632319383208142 2.2832318074578377 2.623850954401431 0.38555479679126525 243.50989267053484
71.0 1.8548640344515994 2.2754864564811337 2.616586741468784 0.3855221734831388 243.52531915023903
72.0 1.846538362373311 2.2677835300721796 2.609364842780416 0.3854896084538466 243.54071934621993
73.0 1.838251244303983 2.2601193452627903 2.6021815603226606 0.3854571105154003 243.5560967513986
74.0 1.8299995913032658 2.252490808807243 2.595033788012001 0.3854246872800283 243.57145429386776
75.0 1.8217808083352356 2.2448953220981465 2.5879189162716587 0.38539234534514466 243.58679442645044
76.0 1.8135927143926844 2.237330701167747 2.580834751744334 0.3853600904508494 243.6021192023236
77.0 1.805433475338198 2.229795109426115 2.5737794497851856 0.38532792761390783 243.6174303388297
78.0 1.7973015474739737 2.2222870011449802 2.5667514577375035 0.3852958612416224 243.6327292712762
79.0 1.789195630156641 2.2148050740007217 2.559749467299131 0.38526389522853577 243.64801719826397
80.0 1.7811146260320998 2.207348229249244 2.552772374547677 0.3852320330384919 243.66329511985109
81.0 1.7730576076855913 2.1999155383260356 2.5458192464138074 0.3852002777742265 243.67856386966258
82.0 1.765023789689022 2.1925062148517855 2.538889292579587 0.3851686322363419 243.6938241418891
83.0 1.7568071069575355 2.185022609182038 2.531981841938211 0.3851370989732607 243.7090610203448
84.0 1.7483962788855634 2.177369651421401 2.5249261509573255 0.3851061638241029 243.72446089414268
85.0 1.7398299608379073 2.169560835219482 2.517713136482288 0.38507586770347413 243.7400416822135
86.0 1.7311401472555608 2.1616282476097077 2.510375069159282 0.38504613338455906 243.7557709105497
87.0 1.7223533044000048 2.153598431279899 2.502938644316814 0.3850168968391768 243.77162163492372
88.0 1.7134913112741734 2.145493328277159 2.4954259308454767 0.3849881050239879 243.78757150366621
89.0 1.704572241429693 2.1373310641165073 2.4878551595986242 0.38495971405081764 243.80360197999886
90.0 1.6956571713252957 2.1291480342128364 2.4802413785388326 0.38493168767007324 243.8196976961388
91.0 1.686960533765195 2.1210708326575163 2.4726349764585507 0.38490387956975813 243.83580550185548
92.0 1.6784472729048787 2.113177357883524 2.4652128891750817 0.38487574651326106 243.85173658641355
93.0 1.6700883610531447 2.1054385489656617 2.4579459209452885 0.3848473653845937 243.86752062890076
94.0 1.661859779213779 2.0978303596729697 2.450809912570468 0.3848188009021605 243.8831822691031
95.0 1.6537416662100142 2.0903329065298046 2.443784886014159 0.38479010750221854 243.89874194202258
96.0 1.645717608994449 2.0829297582466464 2.436854330899939 0.38476133095169635 243.91421657915882
97.0 1.6377740515101193 2.0756073438549145 2.430004610156292 0.38473250972446 243.92962019651867
98.0 1.6298998028925562 2.0683544603097905 2.423224465512173 0.38470367617123713 243.94496438670944
99.0 1.6220856287664367 2.0611618632930973 2.4165046065212357 0.38467485751094843 243.96024889192324
100.0 1.6143239119382706 2.0540219274995346 2.409837369350185 0.38464607666843187 243.97547749052575
