0.0 3.364663768792295 2.3801111685927037 2.8826343126661347 244.8277383929168
1.0 3.3916217859065094 2.406244734365569 2.909179046629228 244.77845054788745
2.0 3.410206880579473 2.4240093837860317 2.9273624425014577 244.74718246772537
3.0 3.4227763116557615 2.435761120451551 2.939538382522891 244.72858174165881
4.0 3.4309957114551914 2.4431647328149753 2.947370180984223 244.71896219901348
5.0 3.4360556380331766 2.447410200002748 2.9520467737748493 244.71577705408038
6.0 3.438814047372295 2.4493550749912254 2.9544249648521097 244.71720440716464
7.0 3.439892787806959 2.4496209226257535 2.9551257752895514 244.7220142877746
8.0 3.4397444047163375 2.448660087382536 2.954601151509402 244.72928932731074
9.0 3.438699158802546 2.4468026868433626 2.9531809179373254 244.7383635835949
10.0 3.4369985265357643 2.4442900951527395 2.951106231883255 244.74875307582568
11.0 3.4348192858265816 2.4412990168892144 2.948553637062153 244.7601048907587
12.0 3.4322909473034313 2.437958910039237 2.9456524718914396 244.77216109532466
13.0 3.42950842968824 2.4343646555015703 2.9424975282890014 244.78472260851933
14.0 3.4265413079327676 2.430585801035954 2.9391582877600655 244.797649288007
15.0 3.4234405765574705 2.426673321607473 2.9356856759328043 244.81085038525214
16.0 3.4202436035744643 2.422664571161767 2.932117010024862 244.82425189157723
17.0 3.4169777627064644 2.418586913300817 2.9284796263142248 244.83779953364495
18.0 3.413663098080035 2.4144603848663566 2.924793541334342 244.85145351588935
19.0 3.410314279647477 2.410299650563197 2.9210734047156666 244.86518466571619
20.0 3.4069420381894187 2.4061154373871516 2.917329932283461 244.8789716050003
21.0 3.4035542182725274 2.401915587169356 2.9135709576089566 244.8927986737766
22.0 3.400156550683956 2.397705828713478 2.909802203404999 244.90665440586406
23.0 3.3967532188861806 2.3934903440369224 2.906027847213752 244.92053040975915
24.0 3.393347274250987 2.3892721834514687 2.9022509360743154 244.93442054721234
25.0 3.389940940304314 2.3850535696981012 2.898473690349556 244.94832033048456
26.0 3.3865358355392043 2.380836120681095 2.8946977262306444 244.96222648023272
27.0 3.3831331365079276 2.3766210125036955 2.890924218601757 244.97613660135886
28.0 3.379733697136254 2.372409098742055 2.8871540201867427 244.990048945461
29.0 3.3763381359627647 2.368200997655675 2.8833877486649233 245.00396223683774
30.0 3.3729468998899548 2.363997155917969 2.879625850331306 245.01787554511074
31.0 3.3695603107444967 2.359797895161863 2.8758686465899377 245.03178819202623
32.0 3.3661785992626427 2.355603445954771 2.8721163678901123 245.0456996833027
33.0 3.3628019298825276 2.351413972583496 2.8683691784825185 245.05960965882178
34.0 3.3594304188195503 2.347229591124347 2.86462719446806 245.07351785624675
35.0 3.3560641472368244 2.3430503826098623 2.8608904969488034 245.08742408446412
36.0 3.3527031708360973 2.338876402617119 2.8571591416046114 245.10132820420728
37.0 3.3493475268378288 2.334707688245911 2.853433165662713 245.11523011392848
38.0 3.345997239058082 2.330544263194348 2.84971259296692 245.12911148743373
39.0 3.3426523215990165 2.326386141448447 2.8459974376625032 245.14298027204296
40.0 3.339312781529958 2.322233329962502 2.842287706873123 245.15684663697476
41.0 3.335978620833902 2.318085830605171 2.838583402644335 245.1707105531057
42.0 3.332649837819966 2.3139436415715977 2.8348845233538382 245.18457199888692
43.0 3.3293264281475867 2.3098063309164103 2.8311910647340657 245.19843095825854
44.0 3.3260083855688056 2.305673932822732 2.827503020613291 245.21228741913455
45.0 3.3226957024658854 2.3015468232069933 2.8238203834523867 245.2261413723041
46.0 3.319388370240398 2.297424993348384 2.820143144733304 245.23999281063425
47.0 3.3160863795947493 2.2933084338267653 2.816471295240117 245.25384172849203
48.0 3.3127897207356143 2.2891971347260767 2.8128048252621527 245.2676881213264
49.0 3.3094983835209635 2.2850910857812554 2.80914372474075 245.28153198536495
50.0 3.306212357566165 2.2815412183681105 2.8058143970454505 245.29537331739493
51.0 3.3033250993365377 2.2778320461572017 2.8025525692846682 245.3083725389932
52.0 3.300325236185285 2.2740102382047 2.7991784052051045 245.3216183787907
53.0 3.2972462521835997 2.2701092665157425 2.7957253279438765 245.33504033769387
54.0 3.294112152939766 2.266153128221027 2.792217299171004 245.34858781054334
55.0 3.2909407708617437 2.262159019211562 2.7886714890681437 245.36222448042594
56.0 3.2877439174791014 2.25813925482742 2.785100194365084 245.3759242930775
57.0 3.284530286397612 2.2541026495341923 2.7815122160775148 245.3896685644603
58.0 3.2813061850492127 2.250055507736057 2.777913848912151 245.40344390208188
59.0 3.2780761212439624 2.246002335081393 2.774309591546746 245.41724071116522
60.0 3.2748433138576547 2.2419463488930202 2.7707026563139294 245.4310521213261
61.0 3.2716100591199506 2.2378898442749953 2.7670953347650533 245.44487321562917
62.0 3.268377993195833 2.2338344565663877 2.7634892597292393 245.45870047706023
63.0 3.2651482803191425 2.229781349385048 2.759885593070319 245.4725082493289
64.0 3.2619217475089024 2.2259444541572604 2.756356390146996 245.48631136128338
65.0 3.258849917280675 2.2220429945625777 2.7529083419960036 245.499786885785
66.0 3.255733766202715 2.218097172900529 2.749416136206048 245.5133664886526
67.0 3.2525876722751104 2.2141213588865245 2.7458941191491224 245.52701933203141
68.0 3.2494218561046915 2.2101257672873262 2.7423524888354884 245.54072345411794
69.0 3.2462435780605983 2.2061176543478815 2.7387984895058106 245.55446322150726
70.0 3.2430579917608995 2.2021021707655923 2.735237263280211 245.56822751119805
71.0 3.239868752297968 2.198082969555659 2.731672457066627 245.58200841346982
72.0 3.236678449475652 2.1940626390353946 2.7281066548543333 245.59580030666564
73.0 3.233488916241511 2.19004301107906 2.7245416854703794 245.60959919750587
74.0 3.2303014481453665 2.186025380451944 2.7209788415543317 245.6234022509456
75.0 3.227116959399851 2.182010660783745 2.7174190352726875 245.63720745528693
76.0 3.223936093791349 2.1779994954184883 2.7138629089823034 245.65101338376655
77.0 3.2207593034553823 2.1739923361472067 2.7103109138289017 245.66481902492305
78.0 3.217586904792873 2.169989499094385 2.70676336553699 245.67862366197454
79.0 3.214419118135642 2.1659912043626246 2.703220483985202 245.69242678709816
80.0 3.211256095866394 2.161997604138114 2.699682421261955 245.7062280405504
81.0 3.2080979423410305 2.158008802602808 2.6961492815419086 245.7200271674573
82.0 3.2049447279941514 2.154024870032897 2.6926211351588085 245.73382398716484
83.0 3.201796499319673 2.1500458527745194 2.6890980285628503 245.74761837151271
84.0 3.198653285928314 2.1460717802978486 2.685579991361613 245.76141022944307
85.0 3.1955151055348066 2.1421026701819352 2.682067041295514 245.7751994961044
86.0 3.1923819674798697 2.1381385316350423 2.6785591877514157 245.7889861251425
87.0 3.1892538752158526 2.134179367979171 2.675056434242345 245.80276736948397
88.0 3.1861308280597878 2.13022517840231 2.6715587801563268 245.81651775670227
89.0 3.1830128224289873 2.126275959193482 2.6680662219889877 245.83026538958543
90.0 3.1798998527113307 2.122331704612696 2.6645787542117487 245.8440102550908
91.0 3.176791911877885 2.1183924075032547 2.6610963698829186 245.85775234336134
92.0 3.173688991913772 2.114458059722487 2.657619061077524 245.87149164677723
93.0 3.17059108412111 2.1105286524445397 2.6541468191894855 245.88522815928795
94.0 3.167498179331748 2.1066041763730405 2.65067963514383 245.898961875942
95.0 3.1644102680566335 2.1026846218903925 2.6472174995452495 245.91269279255633
96.0 3.1613273405895925 2.098769979161531 2.6437604027833457 245.9264209054859
97.0 3.158249387084008 2.0948602382105572 2.6403083351065204 245.9401462114532
98.0 3.155176397600574 2.0909553889684775 2.6368612866713383 245.9538687074418
99.0 3.1521083621446966 2.087055421310593 2.633419247579402 245.9675883906129
