0.0 1.95836120012 2.62393975294 3.22009566368 0.0 246.546024244
1.0 1.9590781885 2.6250880095 3.22163525507 0.0 246.548683161
2.0 1.95833742434 2.62478430564 3.22171800859 0.0 246.554918605
3.0 1.95660226331 2.62349019041 3.22080658399 0.0 246.563589218
4.0 1.95418883602 2.62152056441 3.21921704698 0.0 246.573920974
5.0 1.95131314425 2.61909058879 3.21716535475 0.0 246.585386908
6.0 1.94812289208 2.61634739167 3.21479918066 0.0 246.597627379
7.0 1.94471911407 2.61339161241 3.21221953806 0.0 246.610396573
8.0 1.9411709217 2.61029209112 3.20949552384 0.0 246.623526343
9.0 1.93752557963 2.60709590609 3.20667439257 0.0 246.63690163
10.0 1.93381539964 2.60383431886 3.20378844907 0.0 246.6504437
11.0 1.93006052461 2.60052757407 3.20085783187 0.0 246.664103477
12.0 1.92627510159 2.59719050935 3.19789668496 0.0 246.677846447
13.0 1.92247036011 2.59383430811 3.19491623539 0.0 246.691645127
14.0 1.91865395649 2.59046659505 3.19192413774 0.0 246.705480744
15.0 1.91483110662 2.58709256445 3.18892560673 0.0 246.71934048
16.0 1.91100536067 2.5837157517 3.18592419173 0.0 246.733215589
17.0 1.90717913252 2.5803385606 3.18292230606 0.0 246.747100106
18.0 1.90334646898 2.57696262355 3.17992158861 0.0 246.760989968
19.0 1.89951549763 2.57358904747 3.17692315069 0.0 246.774882404
20.0 1.89568754723 2.57021858149 3.17392774442 0.0 246.788775531
21.0 1.89186312566 2.56685173138 3.17093587756 0.0 246.802645891
22.0 1.88804257462 2.56348883743 3.16794789173 0.0 246.81650111
23.0 1.88422612293 2.56013012751 3.16496401567 0.0 246.830354222
24.0 1.88041392272 2.55677575317 3.1619844015 0.0 246.844204825
25.0 1.87660607415 2.55342581418 3.15900914934 0.0 246.858052646
26.0 1.87280264213 2.55008037522 3.15603832407 0.0 246.871897499
27.0 1.86900366767 2.54673947718 3.15307196671 0.0 246.885739256
28.0 1.86520917564 2.54340314488 3.1501101021 0.0 246.899577832
29.0 1.86141917996 2.54007139224 3.14715274417 0.0 246.913413166
30.0 1.85763368719 2.53674422586 3.14419989946 0.0 246.927245216
31.0 1.8538526989 2.53342164734 3.14125156954 0.0 246.941073954
32.0 1.85007621329 2.53010365498 3.13830775263 0.0 246.95489936
33.0 1.84630422633 2.52679024481 3.13536844467 0.0 246.968721417
34.0 1.84253673245 2.52348141135 3.1324336401 0.0 246.982540117
35.0 1.83877372508 2.52017714813 3.12950333235 0.0 246.996355449
36.0 1.83501519698 2.51687744799 3.12657751418 0.0 247.010167407
37.0 1.83126114045 2.51358230333 3.12365617789 0.0 247.023975986
38.0 1.8275115475 2.51029170627 3.12073931548 0.0 247.037781181
39.0 1.82376640995 2.50700564873 3.11782691879 0.0 247.051582988
40.0 1.82002571951 2.50372412251 3.11491897951 0.0 247.065381403
41.0 1.81628946781 2.50044711934 3.11201548927 0.0 247.079176423
42.0 1.81255764643 2.49717463091 3.10911643966 0.0 247.092968043
43.0 1.80883024695 2.49390664888 3.10622182225 0.0 247.106756261
44.0 1.80510726091 2.49064316492 3.10333162859 0.0 247.120541073
45.0 1.80138867989 2.48738417069 3.10044585024 0.0 247.134322475
46.0 1.79767449545 2.48412965787 3.09756447879 0.0 247.148100466
47.0 1.79396469918 2.48087961814 3.0946875058 0.0 247.161871112
48.0 1.79025928267 2.4776340432 3.09181492289 0.0 247.175605391
49.0 1.78655178481 2.47438906035 3.08894672166 0.0 247.189336208
50.0 1.78284437674 2.47114427845 3.08607862876 0.0 247.203074655
51.0 1.77913850852 2.46790113662 3.08321208453 0.0 247.216817006
52.0 1.77543514062 2.46466059058 3.08034804928 0.0 247.230560766
53.0 1.77173490785 2.46142327198 3.07748715767 0.0 247.244304274
54.0 1.7680382285 2.45818959705 3.07462982793 0.0 247.258046427
55.0 1.76434537704 2.45495983892 3.07177633446 0.0 247.271786488
56.0 1.76065653244 2.45173417571 3.0689268562 0.0 247.285523971
57.0 1.75697181036 2.44851272253 3.06608150878 0.0 247.29925855
58.0 1.75329128449 2.44529555275 3.06324036587 0.0 247.312990008
59.0 1.7496150007 2.44208271208 3.06040347334 0.0 247.326718201
60.0 1.74594298649 2.43887422791 3.05757085867 0.0 247.340443032
61.0 1.74227525717 2.43567011555 3.05474253717 0.0 247.354164437
62.0 1.73861182006 2.43247038233 3.05191851615 0.0 247.367882371
63.0 1.73495267715 2.42927503029 3.0490987976 0.0 247.381596803
64.0 1.73129782695 2.42608405802 3.04628338003 0.0 247.395307713
65.0 1.72764726568 2.42289746182 3.04347225967 0.0 247.409015085
66.0 1.72400098806 2.41971523649 3.04066543121 0.0 247.422718909
67.0 1.72035898781 2.41653737585 3.0378628884 0.0 247.436419176
68.0 1.71672125803 2.4133638731 3.03506462433 0.0 247.450115879
69.0 1.71308779139 2.410194721 3.03227063166 0.0 247.463809012
70.0 1.70945858031 2.40702991208 3.0294809028 0.0 247.47749857
71.0 1.70583361703 2.40386943868 3.02669543001 0.0 247.49118455
72.0 1.70221289369 2.40071329305 3.02391420542 0.0 247.504866947
73.0 1.69859640237 2.39756146738 3.02113722112 0.0 247.518545756
74.0 1.69498305949 2.39441395381 3.01836446915 0.0 247.532212437
75.0 1.69137161433 2.39127074449 3.01559594155 0.0 247.545845959
76.0 1.68776436817 2.38813183157 3.01283163035 0.0 247.559475846
77.0 1.68416131302 2.38499720718 3.01007152759 0.0 247.573102093
78.0 1.6805624409 2.38186686348 3.00731590364 0.0 247.586724698
79.0 1.67696774386 2.37874079263 3.00456558615 0.0 247.600343656
80.0 1.67337721394 2.37561898684 3.00181945537 0.0 247.613958964
81.0 1.66979084322 2.3725014383 2.99907750339 0.0 247.627570619
82.0 1.66620862377 2.36938813922 2.99633972232 0.0 247.641178616
83.0 1.66263054772 2.36627908186 2.9936061043 0.0 247.654782953
84.0 1.65905660718 2.36317425848 2.99087664149 0.0 247.668383626
85.0 1.6554867943 2.36007366135 2.98815132605 0.0 247.68198063
86.0 1.65192110124 2.35697728277 2.98543015019 0.0 247.695573963
87.0 1.6483595202 2.35388511506 2.9827131061 0.0 247.709163621
88.0 1.64480204337 2.35079715057 2.98000018602 0.0 247.722749601
89.0 1.64124866298 2.34771338165 2.97729138221 0.0 247.736331898
90.0 1.63769937127 2.34463380067 2.97458668694 0.0 247.749910509
91.0 1.63415416049 2.34155840004 2.97188609248 0.0 247.76348543
92.0 1.63061302295 2.33848717217 2.96918959116 0.0 247.777056658
93.0 1.62707595093 2.33542010951 2.9664971753 0.0 247.790624189
94.0 1.62354293675 2.3323572045 2.96380883726 0.0 247.804188019
95.0 1.62001397275 2.32929844962 2.96112456939 0.0 247.817748144
96.0 1.61648866782 2.32624371629 2.95844436409 0.0 247.831304562
97.0 1.61296296925 2.32319155443 2.95576796907 0.0 247.844857948
98.0 1.60943848384 2.32014071896 2.95309279835 0.0 247.858415483
99.0 1.60591623934 2.31709223104 2.95041987938 0.0 247.871974311
