0.0 2.592080930713447 2.914868514955576 3.1756403384695098 0.38686925153271473 241.91037075432766
1.0 2.5913037403034593 2.914552008624265 3.1756415659285953 0.3871484983316246 241.91604641527485
2.0 2.5891037549470934 2.913077817229464 3.174758701842564 0.38709893857572947 241.9251763325211
3.0 2.585663303001538 2.910360052725706 3.17262878393811 0.38705079298720474 241.9352462300912
4.0 2.581141602972033 2.906558352519322 3.1694118645872438 0.38700388716844364 241.94613660454402
5.0 2.5756778583754065 2.901812283558641 3.1652478675876075 0.3869580718390237 241.95774385472706
6.0 2.5693938916404258 2.8962439842219316 3.160259239427037 0.3869132186525596 241.96997793959105
7.0 2.5623963965916743 2.8899604234760887 3.1545532160370584 0.38686921683467984 241.98276043437681
8.0 2.55477887307374 2.8830553411148534 3.1482237692344994 0.38682597045645023 241.9960229062538
9.0 2.546623294931546 2.8756109204886067 3.1413532845583174 0.3867833962043942 242.00970554826628
10.0 2.5380015529524713 2.8676992354857824 3.134014012486787 0.38674142154220575 242.02375602380158
11.0 2.52897670682939 2.859383505947467 3.1262693273897804 0.3866999831841381 242.03812848392408
12.0 2.5196040742291714 2.850719189697636 3.118174822532973 0.3866590258184798 242.05278272766438
13.0 2.509932180284204 2.8417549345857056 3.109779264635628 0.3866185010333101 242.06768348132215
14.0 2.500003586992547 2.8325334100911905 3.1011254276145577 0.3865783664071202 242.08279977747765
15.0 2.48985824711108 2.823093236988754 3.0922508220150258 0.3865385847347912 242.09810441803256
16.0 2.479764556742826 2.813576243870634 3.0831906277977925 0.3864991205401404 242.1135717245003
17.0 2.469719585156 2.804108159120646 3.0741792503482173 0.3864596896476521 242.12902027960897
18.0 2.4597207423175127 2.79468638896796 3.065214090986977 0.3864202949809854 242.14445186615794
19.0 2.4497657386150937 2.7853086405586716 3.0562928524482778 0.3863809391840174 242.15986805490894
20.0 2.439852549210612 2.775972886248923 3.047413503118743 0.3863416246521237 242.17527022904488
21.0 2.42997938251085 2.7666773320225455 3.038574245406387 0.386302353560176 242.19065960590441
22.0 2.4201446522962273 2.7574203895729417 3.0297734877789537 0.38626312788758566 242.20603725628158
23.0 2.410346953097178 2.748200651638155 3.0210098200599536 0.38622394944068156 242.22140412155204
24.0 2.400585038451849 2.739016870222192 3.0122819916151147 0.38618481987269626 242.23676102886054
25.0 2.3908578017185325 2.729867937375431 3.0035888921016096 0.3861457407015995 242.2521087045803
26.0 2.381164325787088 2.7207541508466564 2.994929534488203 0.3861067133260044 242.26744778623404
27.0 2.3715025472876436 2.711681423211254 2.9863218944236967 0.3860464444076089 242.28288631046644
28.0 2.361871830547983 2.702640940240994 2.977747596749687 0.38598383928769214 242.2983307714416
29.0 2.3521777417655545 2.693587353047195 2.96920393274262 0.38592132649183336 242.3137692775799
30.0 2.342288978409094 2.6844157309501915 2.9606089289261934 0.38585908855303197 242.32926789245985
31.0 2.332236482200264 2.6750799414248747 2.9518487828465307 0.3857973857773594 242.34491928074712
32.0 2.3220471720721525 2.665606981301435 2.942950578079798 0.38573616906453406 242.36070280084107
33.0 2.311720753967331 2.656009301826393 2.933937866241254 0.38567539560015596 242.3766004407164
34.0 2.301275836096351 2.6462955369155057 2.9248105871969163 0.3856150753909109 242.39261327700407
35.0 2.2907337055598602 2.636484306087147 2.915585049149054 0.38555518070061584 242.40872897494145
36.0 2.2801128426588404 2.6265941443311487 2.906279848979879 0.3854956772972943 242.42493315530064
37.0 2.269429280107677 2.616641131862065 2.896911120936033 0.385436535388664 242.44121328166594
38.0 2.258696916830836 2.606639208839829 2.8874928523190113 0.3853777290710629 242.4575584270867
39.0 2.2479277921158203 2.5966004503276423 2.8780371592897263 0.38531923584946864 242.47395907035892
40.0 2.237132325133478 2.586535306513839 2.868554527830705 0.3852610362186659 242.49040691804524
41.0 2.2263195241841967 2.5764528125698916 2.859054024252386 0.38520311329720525 242.50689474889822
42.0 2.2156465284069737 2.566429326271442 2.8495434790651157 0.38514545250708243 242.52341627781416
43.0 2.2051969910681866 2.5565763969409097 2.840158394436715 0.38508771659512875 242.53985740462377
44.0 2.194944027933194 2.5469204980016804 2.8309706675048134 0.38502971648511086 242.5561563014712
45.0 2.1848643079211048 2.537438238069374 2.8219568617243986 0.3849715009680548 242.57233131083132
46.0 2.1749375393983703 2.5281092671670002 2.81309659311047 0.3849131130509363 242.58839845700498
47.0 2.165146067043001 2.5189159393706655 2.8043721253799636 0.3848545907370753 242.6043717407332
48.0 2.1554747227923965 2.509843059702864 2.795768220007363 0.3847959676267348 242.620263221795
49.0 2.145908511239745 2.5008762453266664 2.787271683184214 0.38473727298945853 242.63608337524883
50.0 2.136433488332322 2.491998100688837 2.77886105614531 0.384687406095403 242.65179471492155
51.0 2.1270403118570327 2.483196411023022 2.7705198752694025 0.38465089272512554 242.6673822722206
52.0 2.11772094100935 2.474468757938525 2.7622527078859744 0.38461438174641843 242.68292463627964
53.0 2.1084684268249494 2.4658081827133818 2.7540525764911776 0.3845778834733868 242.69842743629596
54.0 2.0992767654116133 2.4572086731141756 2.745913452406792 0.3845414069822161 242.7138955412023
55.0 2.090140770379017 2.448665035628649 2.7378301277211006 0.3845049602662514 242.72933315949038
56.0 2.081055962044278 2.440172784500717 2.7297981040667474 0.3844685503727744 242.74474392637737
57.0 2.0720101560240014 2.4317241524443394 2.7218134960957387 0.3844321835234484 242.76013097983986
58.0 2.062777570458774 2.423207893623069 2.7138658412900667 0.3843958780399079 242.7755033567778
59.0 2.053390336181091 2.414536709864876 2.7057622423610335 0.38435998509743863 242.7910331915376
60.0 2.0438759763047196 2.4057381916399736 2.6975303915208295 0.3843244636798779 242.80669601726487
61.0 2.0342580550338845 2.396835960755751 2.6891939981449986 0.3842892785873001 242.82245304401224
62.0 2.0245567354568896 2.3878502295457507 2.6807733499208095 0.3842543996252647 242.83830628020863
63.0 2.014789259283989 2.3787982818021565 2.672285795458126 0.3842198009128858 242.85424090914594
64.0 2.004970359555277 2.3696948865072893 2.6637461594619043 0.3841854602906562 242.8702442102225
65.0 1.9951126157263064 2.360552653796834 2.6551670999349812 0.3841513588124357 242.88630526578032
66.0 1.9852267591784152 2.3513823412228874 2.646559415509092 0.38411748030877885 242.9024147088718
67.0 1.975321936050947 2.3421931172319557 2.637932309844167 0.38408381101096095 242.91856450612886
68.0 1.9654059333172258 2.3329927877950443 2.629293619053993 0.38405033922683635 242.93474777078507
69.0 1.9554853731960373 2.3237879912945614 2.620650007280649 0.3840170550610824 242.95095860163008
70.0 1.9457352139920872 2.3146623117380107 2.612007134826513 0.3839839501735564 242.96719194429085
71.0 1.9361994308399273 2.305715872573827 2.6035134815877967 0.3839507216792437 242.98331040871824
72.0 1.9268491907917098 2.2969553345133753 2.595206111589346 0.3839172856670948 242.99927833234366
73.0 1.9176598767102118 2.2883560511967294 2.587060299911012 0.38388368486805347 243.01511721870128
74.0 1.908610485319933 2.27989699467406 2.579054950665922 0.3838499563612597 243.03084548620302
75.0 1.8996831080426408 2.2715602355559192 2.571172075777573 0.3838161322941592 243.04646848461897
76.0 1.890862483902028 2.263330495332527 2.563396346085868 0.38378224052147764 243.06199946892244
77.0 1.882135615013256 2.2551947613639047 2.555714705269674 0.3837483051695653 243.0774607331244
78.0 1.8734914363027664 2.247141956174128 2.548116038204867 0.38371434713286456 243.0928620686192
79.0 1.8649205321287547 2.2391626537096387 2.5405908864041677 0.3836803845091933 243.1082118247438
80.0 1.8564148933943299 2.2312488361444505 2.53313120410855 0.3836464329802757 243.12351711571478
81.0 1.847962429775526 2.223391217913055 2.5257301494245805 0.38361250614357456 243.13878399885272
82.0 1.8395426267720854 2.2155747581789913 2.5183774519870625 0.3835786260223715 243.15402187576015
83.0 1.8311537964795568 2.2077894570790018 2.511055760252757 0.3835448319188012 243.16924703130746
84.0 1.8227944944339645 2.2000338688017984 2.5037636227375835 0.38351112745868465 243.18446068519916
85.0 1.8144634830892172 2.1923067546985417 2.496499795821329 0.38347751590133183 243.19966387204897
86.0 1.8061597006816679 2.184607052108237 2.4892632124719016 0.3834440001936205 243.21485746875413
87.0 1.7978822347033894 2.1769338477979088 2.482052955598422 0.38341058301661674 243.2300422179005
88.0 1.7895348120532897 2.1692415511555323 2.474868235361805 0.383377266825739 243.24521874776045
89.0 1.7809934101993894 2.1614291850069796 2.4676281165497835 0.38334425092839813 243.26046564312296
90.0 1.7722940747459313 2.153458641185312 2.460228526074883 0.3833117998856382 243.2758849413934
91.0 1.7634671285566195 2.145360312969693 2.4527000053671286 0.38327985174650264 243.29144099923911
92.0 1.7545380666157038 2.137159754380339 2.445068233631291 0.3832483543241204 243.30710166075173
93.0 1.7455283114670097 2.1288784374313403 2.437354788631056 0.3832172636859792 243.3228616249756
94.0 1.7364558511969652 2.120534391636757 2.4295777891675163 0.38318654288824555 243.33870387686784
95.0 1.7273357783370282 2.1121427441931266 2.4217524377693938 0.3831561609114174 243.3546140748956
96.0 1.7181807451022755 2.103716176294516 2.413891479127761 0.383126091762998 243.37058013516747
97.0 1.709001347931781 2.0952653085785204 2.406005587336387 0.3830963137194071 243.38659188001915
98.0 1.6998064522566274 2.0867990266562706 2.398103692942416 0.3830668086844513 243.4026407409436
99.0 1.6906800219417197 2.078360083965504 2.390193259094301 0.38303756164572156 243.4187195074053
