1.0 2.539641520221124 2.8521509216462095 3.110513945963498 0.39747641911151566 241.86917559987262
2.0 2.540104213323747 2.8525952066829032 3.1108986886177266 0.3977565809239925 241.87776247446445
3.0 2.5402438944679817 2.8527527597220197 3.111066535117237 0.3977561359245809 241.88584432814037
4.0 2.540099918449819 2.852626456333309 3.110950485542021 0.3977559924401001 241.89413813275317
5.0 2.539706807811893 2.8522508458680216 3.110585096408865 0.3977561136354522 241.90261777788487
6.0 2.539094856396046 2.851656245653336 3.110000691113254 0.39775646736299913 241.9112604089636
7.0 2.538290655038504 2.850869267096772 3.1092238862166903 0.3977570255343282 241.9200460085809
8.0 2.5373175500243192 2.849913274500017 3.1082780504099383 0.39775776358339116 241.92895703459826
9.0 2.536196043341949 2.8488087856289783 3.1071837052057294 0.3977586600061797 241.93797810668255
10.0 2.5349441424645534 2.8475738217719533 3.105958875098067 0.39775969596482275 241.9470957342777
11.0 2.5335776662822918 2.8462242139148377 3.104619393821212 0.3977608549461574 241.95629808014257
12.0 2.5321105128817076 2.8447738707335817 3.1031791724117923 0.39776212246655496 241.96557475450027
13.0 2.530554894082692 2.8432350133180204 3.1016504339907915 0.39776348581617554 241.97491663560228
14.0 2.528921563770095 2.8416183934303296 3.100043919514264 0.3977649338369504 241.9843157131356
15.0 2.527220557444212 2.839933790993056 3.0983690882075736 0.39776645670805744 241.99376493642956
16.0 2.525460087028643 2.8381896973379424 3.0966347674473473 0.39776804525054144 242.0032577267488
17.0 2.5236483275890773 2.8363936654464816 3.094848181168214 0.39776969196894457 242.01278870373017
18.0 2.521791551194325 2.8345526634874005 3.09301651952713 0.3977713902750957 242.02235250493925
19.0 2.519894795768247 2.832672337672786 3.091145538581049 0.39777313358178634 242.03194484699654
20.0 2.5179635112552408 2.8307574689141424 3.0892400199604406 0.39777491662718606 242.04156217203473
21.0 2.5160018962874866 2.8288843043266043 3.087304166545608 0.3977767350460438 242.05120135157716
22.0 2.514235989513244 2.8271349624840107 3.0855641200002157 0.3977785849992086 242.0606915389458
23.0 2.5124196688739415 2.825335212427331 3.0837737277113813 0.39778025143417833 242.07021982562168
24.0 2.5105590670638107 2.823491160780543 3.081939037412743 0.39778196818973405 242.0797804143586
25.0 2.5086595731401857 2.8216082011406973 3.0800654434870873 0.39778372961836156 242.0893692830393
26.0 2.5067259227444354 2.81969107312335 3.0781576862325095 0.39778553075547024 242.0989828975931
27.0 2.5047622773396676 2.8177439416708383 3.0762199311848524 0.3977873672363115 242.1086181526008
28.0 2.5027722938138317 2.8157704667171566 3.074255838794728 0.39778923522316884 242.11827231918647
29.0 2.50075918562817 2.813773864390538 3.072268625640518 0.397791131341511 242.1279429992857
30.0 2.4987257765442417 2.8117569607878443 3.0702611182117203 0.3977930526239734 242.13762808550158
31.0 2.4966745478348495 2.8097222392269834 3.068235800169096 0.3977949964611861 242.14732572585302
32.0 2.4946076797723635 2.8076718817715443 3.0661948538759463 0.39779696055859287 242.1570342928164
33.0 2.4925270880904336 2.8056078057243132 3.064140196897387 0.39779894289851897 242.1667523561303
34.0 2.4904344560296923 2.803531695700796 3.062073514078824 0.3978009417068385 242.17647865890297
35.0 2.4883312625033454 2.801445031819177 3.0599962857402176 0.397802955423676 242.18621209661953
36.0 2.486218806853132 2.7993491144775797 3.0579098124570536 0.39780498267764874 242.19595169869316
37.0 2.4840982306087542 2.797245086132182 3.055815236841684 0.39780702226321685 242.2056966122527
38.0 2.4819705366137392 2.7951339504393733 3.0537135626882774 0.39780907312076264 242.21544608789316
39.0 2.4798366058364443 2.7930165890810623 3.0516056718005444 0.3978111343190691 242.22519946715056
40.0 2.4776972121463765 2.7908937765534914 3.0494923387826582 0.39781320503990547 242.23495617149396
41.0 2.47555303530192 2.788766193165891 3.0473742440397356 0.3978152845644656 242.24471569264745
42.0 2.473404672365838 2.7866344364655458 3.045251985204479 0.397817372261436 242.2544775840846
43.0 2.4712526477386776 2.7844990312795623 3.043126087180321 0.3978194675764964 242.2642414535499
44.0 2.4690974219771538 2.782360438540587 3.0409970109683524 0.3978215700230803 242.274006956486
45.0 2.4669393995445863 2.7802190630436074 3.038865161425147 0.3978236791742449 242.28377379025576
46.0 2.4647789356223466 2.7780752602630225 3.036731211428725 0.39782579465551576 242.2935416890622
47.0 2.462616342096032 2.775929342343696 3.034595350451249 0.39782791613859014 242.30331041948455
48.0 2.4604518928161068 2.7737815833658694 3.0324576581317295 0.3978300433357956 242.31307977655246
49.0 2.4582858282207947 2.771632223971801 3.0303183751766194 0.39783217599521326 242.32284958029678
50.0 2.4561183593983777 2.7694814754313333 3.028177712913908 0.39783431389638585 242.33261967271727
51.0 2.453949671656786 2.7673295232143253 3.0260358568663346 0.39783645684654084 242.34238991511677
52.0 2.451779927660038 2.7651765301296054 3.023892969891018 0.3978386046772666 242.35216018575852
53.0 2.449609270184018 2.7630226390829242 3.0217491949379993 0.39784075724158724 242.3619303778081
54.0 2.4474378245377095 2.7608679755000822 3.019604657473877 0.39784291441138875 242.3717003975227
55.0 2.4452657006903573 2.7587126494557754 3.0174594676111086 0.3978450760751537 242.3814701626617
56.0 2.4430929951402045 2.756556757543777 3.0153137219785973 0.3978472421359684 242.39123960108836
57.0 2.4409197925561554 2.754400384519867 3.0131675053649416 0.3978494125097689 242.4010086495421
58.0 2.4387461672198545 2.7522436047450323 3.011020892161944 0.3978515871237978 242.41077725255946
59.0 2.4365721842923844 2.750086483453134 3.0088739476325554 0.3978537659152467 242.4205453615253
60.0 2.4343979009269336 2.7479290778643963 3.00672672902456 0.3978559488300614 242.43031293383984
61.0 2.4322233672459714 2.7457714381633593 3.0045792865487555 0.39785813582189117 242.44007993218634
62.0 2.43004862719956 2.7436136083578075 3.002431664238045 0.39786032685116385 242.4498463238883
63.0 2.427874307702807 2.7414559526780296 3.0002839007018935 0.3978625218842727 242.459612080344
64.0 2.4257004207874577 2.7392987234523845 2.998136545796111 0.39786472029345527 242.46937678385243
65.0 2.4235269263281225 2.7371419031764015 2.9959896100344685 0.3978669220740359 242.4791404266636
66.0 2.421353789084129 2.7349854566142238 2.9938430581921165 0.3978691272745954 242.48890303584747
67.0 2.419180978102067 2.732829352820278 2.9916968593353164 0.39787133593902024 242.49866463524614
68.0 2.4170084661911506 2.730673564614275 2.9895509862963396 0.3978735481070741 242.50842524586707
69.0 2.4148362294626886 2.728518068120317 2.987405415212476 0.3978757638148998 242.5181848862294
70.0 2.412664246925665 2.726362842362231 2.9852601251213056 0.39787798309546146 242.52794357266782
71.0 2.4104925001317645 2.7242078689083167 2.983115097605375 0.39788020597893303 242.53770131959928
72.0 2.408320972863756 2.7220531315595187 2.980970316480309 0.3978824324930401 242.54745813975782
73.0 2.4061496508619595 2.7198986160756937 2.9788257675210277 0.39788466266336037 242.55721404439993
74.0 2.40397852158411 2.7177443099353247 2.97668143822142 0.397886896513588 242.56696904348567
75.0 2.4018075739946285 2.715590202124637 2.9745373175834207 0.39788913406576604 242.57672314583718
76.0 2.399636798379672 2.713436282952516 2.972393395931892 0.39789137534049074 242.5864763592778
77.0 2.3974661861848 2.7112825438880734 2.9702496647521626 0.39789362035709136 242.5962286907551
78.0 2.3952957298725197 2.7091289774180907 2.9681061165474465 0.3978958691337881 242.6059801464474
79.0 2.3931254227972856 2.70697557692194 2.965962744713743 0.39789812168783095 242.61573073185852
80.0 2.3909552590958 2.7048223365618043 2.963819543430032 0.39790037803562195 242.62548045190053
81.0 2.388785233590778 2.702669251186387 2.961676507561975 0.3979026381928224 242.63522931096665
82.0 2.3866153417064866 2.7005163162463877 2.9595336325773713 0.39790490217444746 242.64497731299403
83.0 2.3844455793946575 2.6983635277203737 2.9573909144720147 0.3979071699949489 242.65472446152108
84.0 2.382275943069507 2.696210882049751 2.9552483497046587 0.3979094416682884 242.66447075973534
85.0 2.3801064295506826 2.694058376081684 2.9531059351399285 0.3979117172080012 242.67421621051753
86.0 2.377937036013251 2.691906007019052 2.9509636679982574 0.39791399662725296 242.68396081647876
87.0 2.375767759943852 2.6897537723765508 2.9488215458119984 0.39791627993888906 242.69370457999395
88.0 2.373598599102159 2.687601669942169 2.9466795663868792 0.39791856715547824 242.7034475032311
89.0 2.371429551487182 2.6854496977434335 2.944537727768248 0.3979208582893509 242.7131895881765
90.0 2.3692607190989805 2.683297889487504 2.9423960282114288 0.39792315335263273 242.72293083665747
91.0 2.3670932957802946 2.6811467119027745 2.9402545569400056 0.39792545235727445 242.73267117994268
92.0 2.3649271189564445 2.6789967970242503 2.9381143581976112 0.39792775521793966 242.74240980863829
93.0 2.362762046795398 2.6768480031416524 2.935975290595258 0.3979300608250022 242.75214683809554
94.0 2.3605979549939153 2.674700205917204 2.9338372297969864 0.3979323693344372 242.76188236363305
95.0 2.358434734612338 2.6725532963849354 2.9317000668407127 0.39793468088445094 242.771616468877
96.0 2.35627229017608 2.6704071790511112 2.9295637062383806 0.39793699559765217 242.78134922720156
97.0 2.354110538011127 2.668261770228788 2.927428064310297 0.39793931358295953 242.79108070299307
98.0 2.3519494047846807 2.666116996577656 2.925293067724766 0.3979416349372773 242.8008109527582
99.0 2.3497888262258164 2.6639727938239917 2.9231586522178725 0.3979439597469668 242.81054002609616
100.0 2.3476287460039496 2.6618291056385184 2.9210247614711804 0.3979462880891392 242.8202679665512
