0.0 2.6231970483021265 2.9105554452263545 3.1642500718983757 0.39449280386595786 244.267963098522
1.0 2.6355996906373282 2.923348608353497 3.17743932012428 0.3942820131724002 244.2537075283395
2.0 2.6458518746428297 2.9339732783539803 3.188410357708799 0.39425751555000393 244.24284023511646
3.0 2.654165034862923 2.9426605885688244 3.1974411768310635 0.3942332069170811 244.23526952812472
4.0 2.660728727879029 2.9495999136610562 3.2047214811460454 0.39420906751872614 244.23063616614073
5.0 2.665713136509891 2.9549612812149713 3.210421582755867 0.3941850799461794 244.22862666730776
6.0 2.669271244360296 2.9588972055929874 3.214694579222043 0.39416122881037047 244.22896638552336
7.0 2.67154073105221 2.961545321014781 3.2176782508643997 0.3941375004689692 244.23141381999721
8.0 2.672645629768302 2.9630298319515407 3.219496720049371 0.3941138827968676 244.2357559071988
9.0 2.672697781678953 2.963462492452142 3.2202619070967926 0.394090364992132 244.24180410107516
10.0 2.6717981160812316 2.962944155597885 3.220074811679853 0.3940669374110965 244.24939109010668
11.0 2.670037780390063 2.9615659018492035 3.2190266438957242 0.39404359142753403 244.2583680322002
12.0 2.6674991402804884 2.9594100378313923 3.2171998253358436 0.39402031931183124 244.2686022132567
13.0 2.6642566671204047 2.9565509826429124 3.2146688773197667 0.39399711412686644 244.27997505441346
14.0 2.660377727224953 2.9530560561732315 3.2115012108436716 0.393973969637909 244.29238040785194
15.0 2.6559232853015633 2.9489861817642384 3.2077578306290864 0.39395088023434277 244.30572309271267
16.0 2.6509485326561353 2.944396513757654 3.2034939638557365 0.3939278408614081 244.31991763182745
17.0 2.6455034492284515 2.9393369989741287 3.1987596226579473 0.39390484696047184 244.3348871572432
18.0 2.63963330726456 2.933852879913978 3.193600108202284 0.3938818944165865 244.3505624582972
19.0 2.633379123377379 2.9279851464148097 3.188056463102061 0.3938589795123058 244.36688115063671
20.0 2.6267728251100237 2.9217690466630875 3.1821658780306157 0.3938360988868931 244.38378694830138
21.0 2.619847844717801 2.915235133389043 3.1759573203499456 0.39381324995570094 244.40123681616765
22.0 2.612635295331638 2.9084139836473546 3.1694611127238193 0.3937904299918072 244.41918526342218
23.0 2.6051633750716983 2.901333779374468 3.1627054739226206 0.3937676364557644 244.43758995741075
24.0 2.597457641007238 2.8940200629566504 3.155715979659198 0.3937448670474408 244.45641260182794
25.0 2.5895412566171214 2.886495984536895 3.148515810256365 0.3937221196827495 244.47561853491277
26.0 2.5814352154839093 2.8787825255745316 3.1411259745256017 0.39369939247281976 244.4951763717269
27.0 2.5731585436408033 2.8708987010739606 3.1335655122788233 0.3936766837053222 244.51505768498347
28.0 2.564728482718182 2.8628617426268406 3.1258516776222685 0.39365399182769906 244.5352367196971
29.0 2.5561606557989305 2.8546872641750474 3.11800010494382 0.3936313154320817 244.55567824730696
30.0 2.547469217684531 2.8463894121945685 3.110024959297332 0.39360865324170996 244.57635619577871
31.0 2.5386669910916995 2.8379810018188674 3.1019390727053766 0.39358600409868655 244.59726757635767
32.0 2.529765590139699 2.82947364026061 3.0937540677418625 0.39356336695292576 244.61839505306713
33.0 2.5207755323473187 2.8208778387497353 3.0854804696146156 0.3935407408521677 244.63972291507258
34.0 2.5117063402339808 2.812203114081562 3.0771278078435 0.39351812493294974 244.6612369262417
35.0 2.502566633508956 2.80345808075814 3.0687047085189603 0.39349551841243474 244.6829241892716
36.0 2.4933642127345537 2.794650534608144 3.060218978027594 0.39347292058101185 244.70477302285516
37.0 2.4841061352619467 2.7857875286833886 3.051677679044165 0.39345033079558983 244.7267728505374
38.0 2.4747987841600776 2.7768754421520767 3.0430871995112088 0.39342774847351825 244.74891410007143
39.0 2.4654479307887134 2.7679200428393305 3.0344533152577235 0.3934051730870712 244.77118811221902
40.0 2.4560587916030494 2.7589265440029096 3.0257812468460967 0.3933826041584429 244.7935870580585
41.0 2.446636079728163 2.749899655877557 3.017075711179156 0.3933600412552039 244.8160849884913
42.0 2.437184051773778 2.7408436324695566 3.00834096835528 0.3933374839861747 244.83867869849558
43.0 2.4277065503383666 2.731762314035126 2.999580864198186 0.3933149319976774 244.86137776575077
44.0 2.4182070425926017 2.7226591656438366 2.99079886886882 0.3932923849701315 244.8841770093124
45.0 2.4086886553028255 2.713537312183007 2.9819981119134393 0.39327366182204826 244.90707176526695
46.0 2.3991542066205453 2.704399570129712 2.973181414075377 0.39327366182204826 244.9300578404631
47.0 2.3896062349341265 2.6952484763863787 2.964351316166808 0.39327366182204826 244.95313147045334
48.0 2.380047025051492 2.6860863144486933 2.955510105269551 0.39327366182204826 244.97628928125908
49.0 2.3704786319579734 2.67691513814988 2.9466598385093317 0.39327366182204826 244.99952825460554
50.0 2.360902902371302 2.667736793203173 2.937802364625539 0.39327366182204826 245.022845696311
51.0 2.351321494295334 2.658552936744024 2.928939343538289 0.39327366182204826 245.04623920754278
52.0 2.3417358947557116 2.6493650550551977 2.9200722640961754 0.39327366182204826 245.06968128059773
53.0 2.3321474358841527 2.6401744796412876 2.9112024601714266 0.39327366182204826 245.09318258621352
54.0 2.322557309502653 2.630982401803955 2.902331125253965 0.39327366182204826 245.11675400135178
55.0 2.3129665803453423 2.621789396585187 2.8934593256821612 0.39327366182204826 245.1403940721678
56.0 2.3032128974224615 2.6125123057617263 2.8845880126354784 0.3928187526913885 245.16410153070112
57.0 2.293469415206511 2.6031706825830536 2.875571184289649 0.39279627119729876 245.18815319066746
58.0 2.28373601767276 2.5938393012029426 2.86656458650979 0.39277379169517224 245.21225728535563
59.0 2.274012587168672 2.5845180445982034 2.857568102666616 0.3927513142018896 245.23641431952345
60.0 2.264299004465162 2.575206794174358 2.8485816145680802 0.392728838734667 245.26062480691405
61.0 2.2545951487995834 2.5659054298088497 2.839605002503273 0.3927063653110562 245.28488927031947
62.0 2.244900897913974 2.5566138298883656 2.83063814527863 0.392683893948944 245.3091965532819
63.0 2.235216128083081 2.5473318713382387 2.821680920249833 0.39266142466655357 245.33352881435593
64.0 2.22554071413887 2.5380594296460597 2.812733203344314 0.3926389574824457 245.3579164109028
65.0 2.2158745294889197 2.528796378880274 2.8037948690805394 0.3926164924155211 245.38235990013945
66.0 2.2062174461295854 2.5195425917034027 2.79486579058157 0.39259402948502237 245.4068598488003
67.0 2.1965693346545168 2.510297939380538 2.785945839583908 0.39257156871053817 245.43141683327477
68.0 2.1869300642575373 2.5010622917830583 2.7770348864419465 0.392549110112006 245.45603143975535
69.0 2.1772995027364175 2.4918355173891684 2.768132800127256 0.39252665370971707 245.48070426439867
70.0 2.167677516485167 2.482617483281102 2.759239448228571 0.39250419952432025 245.50543591348793
71.0 2.1580639704880693 2.4734080551358995 2.7503546969412964 0.3924817475768279 245.53022700361933
72.0 2.1484587283089667 2.46420709721555 2.741478411058443 0.3924592978886209 245.55507022812102
73.0 2.1388616520774852 2.45501447235322 2.732610453957227 0.392436850481455 245.57993738341128
74.0 2.1292726024722293 2.445830041936484 2.723750687582676 0.39241440537746686 245.60486560117113
75.0 2.119691438701208 2.436653665887777 2.7148989724285117 0.3923919625991812 245.6298555380972
76.0 2.110118018479589 2.42748520264216 2.706055167515278 0.39236952216951787 245.65490786219007
77.0 2.1005521980048956 2.4183245091225523 2.697219130366027 0.39234708411179914 245.68002325299204
78.0 2.090993831929712 2.409171440712472 2.688390716979468 0.3923246484497584 245.70520240183473
79.0 2.0814427733321015 2.400025851226458 2.6795697818008373 0.39230221520754777 245.7304460120966
80.0 2.071898873683661 2.3908875928781703 2.670756177690447 0.39227978440974753 245.755754799471
81.0 2.0623619828153648 2.3817565162462557 2.6619497558900287 0.39225735608137485 245.78112949224408
82.0 2.0528319488812503 2.3726324702380497 2.6531503659868974 0.3922349302478935 245.80655786891066
83.0 2.043308618319921 2.363515302051117 2.6443578558760112 0.39221250693522386 245.83201863337598
84.0 2.0337918358139366 2.3544048571326623 2.6355720717198734 0.39219008616975337 245.85754724121864
85.0 2.024281444247104 2.3453009791368484 2.6267928579063877 0.3921676679783469 245.8831444703791
86.0 2.014777284659706 2.3362035098800416 2.618020057004654 0.3921452523883586 245.9088111128769
87.0 2.0052791962015775 2.3271122892939187 2.6092535097186293 0.39212283942764287 245.93454797515346
88.0 1.9957870160831328 2.318027155376505 2.6004930548387497 0.3921004291245669 245.9603558784278
89.0 1.9863005795242135 2.3089479441410616 2.5917385291914297 0.39207802150802284 245.98623565906388
90.0 1.9768197197008703 2.2998744895628636 2.5829897675864526 0.3920556166074409 246.01218816895135
91.0 1.9673442676899275 2.2908066235233697 2.5742466027622117 0.3920332144528029 246.03821427589932
92.0 1.9578740524101579 2.281744175753106 2.5655088653275726 0.39201081507465607 246.06428547316494
93.0 1.9484089005660252 2.2726869737728728 2.556776383706306 0.39198841850412713 246.09040982587348
94.0 1.9389486365817175 2.2636348428294837 2.548048984071862 0.3919660247729378 246.11661011376484
95.0 1.9294930825378915 2.254587605832107 2.5393264902848607 0.39194363391341985 246.14288726810486
96.0 1.9200420581046806 2.24554508328526 2.5306087238268673 0.39192124595853145 246.16924223817975
97.0 1.9105953804722002 2.2365070932193243 2.521895503731704 0.3918988609418732 246.19567599177816
98.0 1.9011510112589693 2.2274727885491217 2.51318664651423 0.39187647889770616 246.22218951569022
99.0 1.891706714671692 2.2184401884054963 2.5044803086296565 0.391854100064263 246.24878761337646
