0.0 2.63249712110182 3.058841861382294 3.4703097156904885 245.30269141821805
1.0 2.633852387207301 3.0606183077192672 3.472438764867533 245.3062843218437
2.0 2.633796506291512 3.0609814679929603 3.4731559031958668 245.3123456213462
3.0 2.6326604833445066 3.0602628906287292 3.4727923420181175 245.32029088687617
4.0 2.6306974755998396 3.058716142355929 3.471601393355746 245.32967702385199
5.0 2.6281014156310443 3.056535465425728 3.469777106267869 245.3401667138995
6.0 2.6250210331072874 3.053869824313659 3.4674682982909473 245.35150238180614
7.0 2.621570474700765 3.050833544065808 3.4647891824878982 245.36348690623765
8.0 2.6178373836754636 3.0475144036316593 3.46182745234426 245.3759691907475
9.0 2.613889067564299 3.0439798138526055 3.4586504534129214 245.38883328983547
10.0 2.60977347711269 3.040280266225781 3.455309906234631 245.40199016684173
11.0 2.6055284154888967 3.036452984842369 3.451842668843156 245.4153764476633
12.0 2.6011857120128945 3.0325280042399596 3.4482777925585046 245.428938327561
13.0 2.5967697928876654 3.028529789114249 3.4446397198170695 245.44261987763605
14.0 2.592299396016662 3.024477106733589 3.4409472008682402 245.45640575551818
15.0 2.587788811743214 3.0203843474517384 3.437214613052858 245.47027117068004
16.0 2.583248624927134 3.016262540022081 3.433452975173751 245.4841970861767
17.0 2.578687776833019 3.012120132225136 3.4296707274014513 245.49816888818418
18.0 2.574112723221077 3.0079635909648847 3.425874330818383 245.51217536259645
19.0 2.5695284027990453 3.003797863471391 3.422068728199123 245.5262079077277
20.0 2.564938590942599 2.9996267316452028 3.418257698031743 245.5402599286732
21.0 2.5603461713629865 2.995453084201198 3.4144441264146477 245.55432637148894
22.0 2.555753344669751 2.9912791255945987 3.4106302157937796 245.56840336500062
23.0 2.551161788415752 2.9871065363430445 3.406817645140404 245.58248794546347
24.0 2.5465727798534394 2.9829365959940306 3.4030076928083686 245.59657784498813
25.0 2.541987290044196 2.978770277395115 3.3992013307202 245.6106713290331
26.0 2.5374060559695373 2.974608318927608 3.3953992965366244 245.6247670716411
27.0 2.5328296357577913 2.9704512798264653 3.391602148927496 245.6388640596979
28.0 2.5282584509574653 2.966299582524532 3.3878103098787724 245.6529615194991
29.0 2.523692818878283 2.962153545047464 3.384024097059006 245.66705886045563
30.0 2.519132977320206 2.9580134057836838 3.3802437485676804 245.68115563195997
31.0 2.514579103471816 2.953879342413824 3.3764694418482 245.69525149035456
32.0 2.510031328344942 2.94975148636893 3.3727013081335637 245.70934617364915
33.0 2.505489747793763 2.945629933867442 3.3689394434738715 245.72343948218028
34.0 2.50095443092199 2.9415147543358837 3.3651839171497504 245.73752353202516
35.0 2.4964254264935866 2.9374059968298907 3.3614347780879377 245.75158944568318
36.0 2.491902767818511 2.933303694927681 3.357692059750581 245.76565358436113
37.0 2.487386476474119 2.9292078704573186 3.353955783859344 245.77971588104126
38.0 2.482876565138081 2.925118536334089 3.3502259632304052 245.79377628463538
39.0 2.4783691065054025 2.921033396388878 3.3465026039313837 245.8078347561701
40.0 2.4738619867726848 2.9169499844391367 3.3427827483743178 245.82189673359414
41.0 2.4693567124178943 2.9128685227362032 3.339064808988916 245.83596516169197
42.0 2.4648544185978345 2.9087901483095355 3.335349921872048 245.85003795500276
43.0 2.4603559592742514 2.904715716574685 3.3316389417194485 245.8641135343464
44.0 2.4558619755848543 2.9006458698088577 3.327932510248534 245.87819070451937
45.0 2.4513729476826422 2.8965810890688655 3.3242311080765843 245.89226856137773
46.0 2.446889234019293 2.892521733533614 3.320535094033275 245.90634642128285
47.0 2.4424111010972385 2.888468070300592 3.3168447349346426 245.92042376755668
48.0 2.437938745990407 2.8844202969399544 3.3131602281202026 245.9345002098674
49.0 2.4334723133816407 2.8803785585569406 3.30948171850263 245.94857545344064
50.0 2.4290119084445143 2.8763429606924658 3.305809311458777 245.96264927573142
51.0 2.424557606577631 2.8723135790714482 3.3021430825708205 245.97672150875994
52.0 2.420109460756232 2.8682904669649467 3.2984830849829905 245.99079202574248
53.0 2.4156675070811073 2.864273660746952 3.294829354954346 246.00486073097989
54.0 2.4112317689645226 2.8602631840861745 3.2911819160475098 246.01892755221365
55.0 2.4068022602859886 2.8562590511062433 3.2875407822866105 246.03299243485083
56.0 2.402378987770156 2.8522612687668567 3.2839059605367464 246.04703870874118
57.0 2.3979619527774063 2.848269838656836 3.2802774522957514 246.0610742233838
58.0 2.3935511526514794 2.8442847583435826 3.2766552550427157 246.0751076590489
59.0 2.3891465817330952 2.8403060223880447 3.273039363252253 246.0891389976803
60.0 2.384748232121868 2.836333623107667 3.269429769156903 246.10316822545533
61.0 2.38035609424873 2.8323675511495545 3.265826463319915 246.1171953317288
62.0 2.3759701573056957 2.8284077959207994 3.2622294350652807 246.13122030823808
63.0 2.371590409568295 2.8244543459113394 3.258638672800367 246.14524314850559
64.0 2.367216838637414 2.8205071889360966 3.2550541642579 246.15926384738947
65.0 2.3628494316204494 2.8165663123163776 3.2514758966772437 246.17328240074642
66.0 2.3584881752670332 2.812631703015751 3.247903856940179 246.18729880517827
67.0 2.3541330560705593 2.8087033477417207 3.2443380316725197 246.20131305784213
68.0 2.3497840603441227 2.804781233021745 3.2407784073200827 246.21532515630776
69.0 2.345441174277271 2.8008653452600645 3.2372249702054696 246.2293350984509
70.0 2.341104383978351 2.7969556707801035 3.233677706570453 246.24334288237327
71.0 2.336773675506105 2.7930521958561005 3.2301366026075753 246.25734850634285
72.0 2.3324490348932265 2.789154906736695 3.22660164448373 246.27135196874886
73.0 2.32813044816387 2.7852637896624626 3.2230728183576836 246.28535326806866
74.0 2.323817901346652 2.781378830878934 3.2195501103930795 246.2993524028422
75.0 2.3195085947529117 2.7774990793182606 3.2160335067681363 246.31334937165394
76.0 2.315199806802599 2.773622248089695 3.212520942060767 246.32734822919494
77.0 2.310892983651501 2.7697474939510296 3.209010413309475 246.34135293870656
78.0 2.3065891921641626 2.7658758851312837 3.2055029881239 246.35534059923046
79.0 2.3022892179654804 2.7620082083084303 3.201999452706136 246.36932479184935
80.0 2.2979936382702464 2.758145041522729 3.198500384725512 246.38330996532406
81.0 2.2937028759472406 2.7542868083022496 3.1950062074158634 246.39729526882368
82.0 2.289417239629512 2.7504338178181547 3.191517229710097 246.41128007235687
83.0 2.2851369534547166 2.7465862946579547 3.188033675998289 246.42526390962615
84.0 2.2808621791032735 2.742744400887754 3.184555708178854 246.43924643559674
85.0 2.276593032119337 2.738908252390778 3.1810834419889455 246.45322739500904
86.0 2.272329593990305 2.7350779309597684 3.1776169590909524 246.4672065990262
87.0 2.2680719210818268 2.7312534932413253 3.1741564613071875 246.48118390792584
88.0 2.263820051242772 2.7274349773477056 3.1707023574689317 246.49515921827893
89.0 2.2595740086848304 2.7236224077413898 3.167254157867483 246.50913245345842
90.0 2.2553338075852065 2.719815798841391 3.163811876826246 246.5231035566172
91.0 2.251099454744917 2.7160151576841822 3.16037552128802 246.53707248549617
92.0 2.2468709515490595 2.7122204858858634 3.156945092776596 246.55103920858755
93.0 2.2426482954114144 2.7084317810881537 3.153520588842334 246.56500370230188
94.0 2.238431480838366 2.7046490380233146 3.1501020041267753 246.5789659488769
95.0 2.2342205002119964 2.7008722492979658 3.1466893311462503 246.59292593483536
96.0 2.2300153443660733 2.6971014059696037 3.143282560868236 246.6068836498483
97.0 2.2258160030094505 2.6933364979703813 3.1398816831350373 246.62083908589747
98.0 2.22162246503709 2.689577514418402 3.136486686974984 246.63479223665902
99.0 2.2174347187584016 2.685824443846262 3.133097560830938 246.6487430970498
