0.0 2.63042658969 2.96185401281 3.23006134313 0.390687903226 242.549141738
1.0 2.62944794765 2.96143136701 3.23003101179 0.39093223908 242.555560129
2.0 2.62707179283 2.95978106129 3.22896074935 0.390883043621 242.564803427
3.0 2.62347651969 2.95690786844 3.22666495563 0.390835265012 242.574955218
4.0 2.61881793771 2.95296810392 3.22330024748 0.390788729703 242.585900587
5.0 2.61323238522 2.94809855167 3.21900366128 0.390743289025 242.597539787
6.0 2.60683929185 2.94241901576 3.21389523208 0.390698814976 242.609786017
7.0 2.59974330945 2.93603447437 3.20808013809 0.39065519692 242.622563615
8.0 2.59203619255 2.9290369668 3.20165059235 0.390612338959 242.635806514
9.0 2.5837984215 2.92150722222 3.19468747538 0.390570157742 242.649456938
10.0 2.57510060818 2.91351607014 3.18726174885 0.390528580647 242.663464298
11.0 2.56600471675 2.90512566519 3.17943568306 0.390487544277 242.677784257
12.0 2.55667084047 2.89643862172 3.17126392552 0.390446993188 242.692377919
13.0 2.54724824117 2.8875993821 3.16288686939 0.390406765669 242.707141108
14.0 2.53775140875 2.87868583326 3.15443523438 0.390366707091 242.721975888
15.0 2.52819306415 2.86971072503 3.14592178588 0.390326804648 242.736873089
16.0 2.51858436979 2.86068524524 3.13735772547 0.390287047074 242.751824637
17.0 2.50893511537 2.85161920586 3.12875287726 0.390247424462 242.76682342
18.0 2.49925388169 2.84252120727 3.12011585235 0.390207928111 242.781863177
19.0 2.48954818526 2.83339878318 3.11145419389 0.390168550385 242.796938397
20.0 2.47982460593 2.82425852849 3.10277450508 0.390129284593 242.812044229
21.0 2.47008889936 2.81510621212 3.09408256216 0.390090124881 242.827176408
22.0 2.46034609638 2.80594687649 3.08538341399 0.390051066133 242.842331181
23.0 2.45060059051 2.79678492529 3.07668146988 0.390012103894 242.85750525
24.0 2.44085621512 2.78762420086 3.06798057709 0.389973234286 242.872695717
25.0 2.43111631155 2.77846805233 3.05928408907 0.38993445395 242.887900035
26.0 2.42121598077 2.76924142269 3.05059492564 0.389895759982 242.90311597
27.0 2.41113063364 2.75985618498 3.04176975661 0.389857350113 242.918456695
28.0 2.40086848876 2.75030486361 3.03278741987 0.38981925976 242.93394004
29.0 2.39045762536 2.74060442646 3.02365529026 0.389781485747 242.949561406
30.0 2.37992252357 2.73077942857 3.01439797524 0.389744000506 242.965302422
31.0 2.36928451555 2.7208512674 3.00503691818 0.389706779952 242.981147021
32.0 2.35856218018 2.71083857878 2.99559079517 0.38966980305 242.997081154
33.0 2.34777168879 2.70075758365 2.98607586243 0.389633051445 243.013076421
34.0 2.33692710783 2.69062239169 2.97650626052 0.38959650913 243.029134488
35.0 2.32604066404 2.68044526729 2.96689428082 0.389560162163 243.045249467
36.0 2.31512297668 2.6702368625 2.95725059901 0.389523998418 243.061413181
37.0 2.30418326104 2.66000642109 2.94758447949 0.389488007366 243.077618492
38.0 2.29322950658 2.64976195732 2.93790395447 0.389452179883 243.093859168
39.0 2.28229882341 2.63952465406 2.92821598081 0.389416508082 243.110129769
40.0 2.27158390146 2.62940346698 2.91855977263 0.389373435257 243.126443985
41.0 2.26105977323 2.61947926188 2.90910779735 0.389316315022 243.14269895
42.0 2.25070435827 2.60972426555 2.89982517798 0.389258999931 243.158838086
43.0 2.24049845527 2.60011922985 2.89069262637 0.389201529932 243.174876042
44.0 2.23042537622 2.59064742614 2.88169337845 0.389143940301 243.190825598
45.0 2.22047062512 2.58129432311 2.87281287166 0.389086262169 243.206697891
46.0 2.21062161616 2.57204730435 2.864038462 0.389028522998 243.222502621
47.0 2.20086742682 2.56289542078 2.85535917603 0.388970747005 243.238237366
48.0 2.19119858174 2.55382917408 2.84676549394 0.388912955546 243.253911488
49.0 2.1816068638 2.54484032723 2.8382491598 0.388855167453 243.269540269
50.0 2.17208514916 2.53592173918 2.82980301585 0.388797399342 243.285129231
51.0 2.16262726318 2.52706722042 2.82142085788 0.388739665879 243.30068316
52.0 2.15322785492 2.51827140715 2.81309730909 0.388681980018 243.316206209
53.0 2.1438822877 2.50952965159 2.80482771027 0.388624353214 243.331701973
54.0 2.13458654388 2.50083792654 2.79660802408 0.38856679561 243.347173569
55.0 2.12517350933 2.49211647332 2.78843475189 0.388509316199 243.362623689
56.0 2.11560774626 2.48327231709 2.78016452354 0.388452325838 243.378174647
57.0 2.10591613765 2.47430188069 2.77176712267 0.388395922898 243.393853175
58.0 2.09612176618 2.46522832907 2.76326579231 0.388340053083 243.409640353
59.0 2.08624444002 2.45607154104 2.75468047865 0.388284669681 243.425519885
60.0 2.07630114645 2.44684856452 2.74602828771 0.388229732536 243.441477731
61.0 2.06630644325 2.43757400926 2.73732387933 0.388175207167 243.457501805
62.0 2.05627279639 2.42826038581 2.7285798072 0.388121064004 243.473574459
63.0 2.0462108715 2.41891839795 2.71980681218 0.388067277736 243.489679236
64.0 2.03612978531 2.40955719508 2.71101407554 0.388013826744 243.505822992
65.0 2.0260373226 2.4001845899 2.7022094373 0.387960692609 243.521999123
66.0 2.01594012332 2.39080724616 2.69339958458 0.387907859696 243.538201951
67.0 2.00590877014 2.38146057112 2.68459021407 0.387855314777 243.5544266
68.0 1.99609579919 2.37224697335 2.67584150339 0.387802867344 243.570619906
69.0 1.98647248481 2.36322357334 2.6672833034 0.387750090522 243.586666167
70.0 1.97609116191 2.35405285564 2.65889087762 0.387697051382 243.602585935
71.0 1.96599196306 2.34455433242 2.64985826682 0.387645863237 243.619101813
72.0 1.95613388642 2.3352896669 2.64104971368 0.387613870333 243.635308652
73.0 1.9464842291 2.32623394417 2.63245043501 0.387581625978 243.651348312
74.0 1.93701505199 2.31735917033 2.62403236597 0.387549179713 243.667244652
75.0 1.92770250297 2.30864144667 2.61577154629 0.387516574578 243.683018123
76.0 1.9185101481 2.30005289982 2.60764753357 0.387483847924 243.698686239
77.0 1.90941903477 2.29156813043 2.59962927518 0.387451062472 243.714258072
78.0 1.90041718356 2.28317291886 2.59170058265 0.387418250209 243.729763409
79.0 1.89149438854 2.27485703913 2.58385120144 0.387385431026 243.745213991
80.0 1.88264195814 2.26661178264 2.57607239831 0.387352622187 243.760617338
81.0 1.8738524929 2.25842973553 2.56835673804 0.387319838688 243.775979861
82.0 1.86511969507 2.25030458785 2.56069789223 0.387287093566 243.79130702
83.0 1.85643820562 2.2422309703 2.55309047559 0.387254398168 243.806603466
84.0 1.84780346492 2.2342043145 2.54552990593 0.387221762392 243.821873151
85.0 1.83917025879 2.22620142107 2.53801228451 0.387189194886 243.837119439
86.0 1.83036826679 2.21812243306 2.53049944922 0.387156787986 243.852377926
87.0 1.82142893747 2.20990576118 2.52284790905 0.38712489647 243.867783853
88.0 1.81237880594 2.20157802234 2.51508438594 0.387093467 243.883313159
89.0 1.80324024897 2.19316166218 2.50723141454 0.387062454519 243.898945481
90.0 1.79403212457 2.18467559669 2.49930798629 0.387031820998 243.914663597
91.0 1.78477031405 2.17613575597 2.49133009515 0.387001534383 243.930452939
92.0 1.77546818136 2.16755554496 2.48331120012 0.386971567705 243.946300875
93.0 1.76613696235 2.15894623395 2.47526261715 0.386941898327 243.962174182
94.0 1.75678609468 2.15031728949 2.46719385128 0.3869125073 243.978086992
95.0 1.74742349725 2.14167665467 2.45911287806 0.386883378824 243.994031902
96.0 1.73805580692 2.13303098657 2.45102638181 0.38685449978 244.010002661
97.0 1.72880315564 2.12443845358 2.44293995745 0.386825859345 244.025993996
98.0 1.71975420945 2.1159940212 2.43495421259 0.386797182989 244.041908342
99.0 1.71087919764 2.10772395815 2.42714318988 0.386768258149 244.057672826
