0.0 2.433337172013405 2.972564503585488 3.4846461778272433 245.10799667543472
1.0 2.43229453826636 2.9719790852238486 3.484459127621696 245.11520135917146
2.0 2.4303262963335617 2.9704698781105483 3.483346428434057 245.12432419878218
3.0 2.4276881170955735 2.968292095771071 3.4815637868517517 245.13483593066658
4.0 2.4245654011081883 2.965630805271337 3.479296627795617 245.1463542080897
5.0 2.421092690246501 2.9626203047967175 3.476679509726801 245.15860218995275
6.0 2.4173676544656373 2.959358085995827 3.473810113861782 245.17137912763607
7.0 2.4144055313609494 2.9562279522218087 3.47075935738593 245.18453931559975
8.0 2.4110449254345827 2.9533337073747714 3.4682606989395897 245.19655289460283
9.0 2.4073972894398885 2.9501530813605 3.465475004281037 245.20916961659918
10.0 2.403543407030874 2.946766714738412 3.4624830779489346 245.22222271273188
11.0 2.3995418298356697 2.943233054484422 3.4593434862906807 245.23559129367158
12.0 2.395434987069069 2.939594453270803 3.456098668890701 245.24918770064698
13.0 2.391253614719333 2.9358815911190463 3.452779369045882 245.2629483671596
14.0 2.387019968605014 2.9321166829480654 3.4494078477277954 245.2768272031144
15.0 2.382750155932156 2.928315806099558 3.4460002157794847 245.2907907985405
16.0 2.37845582728387 2.9244905893741002 3.4425681263561745 245.30481494356553
17.0 2.3741454043241443 2.92064943857054 3.4391200029470594 245.3188821023206
18.0 2.3698249703837613 2.9167984254856547 3.4356619301851454 245.33297957901715
19.0 2.3654989162666356 2.91294193255804 3.432198299811025 245.34709818661784
20.0 2.3611704083537557 2.9090831201201146 3.428732278887393 245.36121294146335
21.0 2.356841727737901 2.9052242649105127 3.4252661490112986 245.3753247480769
22.0 2.3525145157985614 2.9013670051908624 3.4218022543942936 245.38944267659025
23.0 2.3481899519269924 2.8975125181368813 3.4183411565238275 245.40356423426735
24.0 2.3438688820742097 2.893661648143844 3.4148836191068757 245.41768762200437
25.0 2.3395519116802523 2.889814999576093 3.4114302478668694 245.4318115419414
26.0 2.3352394728110637 2.8859730037739606 3.40798147510112 245.44593505821499
27.0 2.333311222698047 2.8835696565004416 3.4045376081713457 245.46005749623737
28.0 2.3307003490229103 2.881428177382379 3.402797849990067 245.47052945296113
29.0 2.327602388885272 2.8788007993768208 3.4005709149006944 245.48204845500578
30.0 2.324157344076219 2.875827227463731 3.397996852049113 245.49431631699832
31.0 2.3204654901325594 2.87260752308162 3.3951759700868567 245.50711969033955
32.0 2.316598654256448 2.8692133588822233 3.392180119381001 245.52030578583737
33.0 2.3126082792936495 2.86569606611763 3.3890607589846176 245.53376513092638
34.0 2.308531198198771 2.862092397171673 3.385854733193448 245.54741927584357
35.0 2.3043937726762405 2.8584286556008447 3.3825884116506417 245.56121200537314
36.0 2.300214860769301 2.8547236575108985 3.3792806579606043 245.5751030457592
37.0 2.2960079450673927 2.8509908552735577 3.3759449586140193 245.58906355359937
38.0 2.291782658841526 2.847239860413765 3.3725909496254878 245.60307288024592
39.0 2.2875458801811583 2.8434775353966963 3.3692255110216998 245.6171162505155
40.0 2.283302516145684 2.839708776079342 3.3658535512383985 245.63118309736183
41.0 2.2790560645132985 2.8359370722299517 3.3624785690406016 245.64526586737065
42.0 2.2748090160094754 2.832164908867655 3.3591030558705195 245.65935916423692
43.0 2.27056314216149 2.828394053474666 3.3557287837852594 245.67345913484326
44.0 2.2663197011858256 2.8246257614197723 3.35235701140204 245.68756302943416
45.0 2.2620795851629536 2.8208609227979076 3.348988631113117 245.70166888668027
46.0 2.257843425178401 2.817100167330958 3.345624274254653 245.71576615924857
47.0 2.253611666394183 2.813343939263021 3.3422643861974115 245.7298397759502
48.0 2.2493846216078355 2.8095925507952835 3.3389092799190494 245.74391219708158
49.0 2.245162509448366 2.805846220191301 3.3355591742092674 245.757982919836
50.0 2.240945481594767 2.8021050989304834 3.332214220894593 245.77205158614242
51.0 2.236733642160379 2.7983692910457156 3.3288745242270745 245.786117940964
52.0 2.2325270614891504 2.794638866886038 3.3255401546835266 245.800181802564
53.0 2.2283257859684884 2.7909138729053655 3.3222111587803758 245.8142430413182
54.0 2.2241298450043008 2.7871943386202336 3.318887566050105 245.8283015646271
55.0 2.2199388475401376 2.783480281552126 3.315569393996922 245.84235730617843
56.0 2.215752658082538 2.7797717107359134 3.312256651614737 245.8564102183106
57.0 2.21157182846184 2.7760686292087944 3.3089493418828866 245.87046026658558
58.0 2.2073963572771325 2.7723710357748095 3.3056474635355073 245.8845074259334
59.0 2.203226240136445 2.7686789262550033 3.3023510123151447 245.89855167791617
60.0 2.199061470544022 2.7649922943725502 3.299059981860336 245.91259300878679
61.0 2.194902040528114 2.761311132379019 3.2957743643336275 245.92663140811285
62.0 2.1907479410849002 2.757635431497192 3.2924941508656302 245.94066686780212
63.0 2.18659916249217 2.7539651822339604 3.2892193318688108 245.9546993814121
64.0 2.1824556945307756 2.7503003746012396 3.2859498972590218 245.9687289436618
65.0 2.17831752663989 2.746640998271139 3.282685836610786 245.9827555500867
66.0 2.174184648032236 2.7429870426885294 3.279427139271064 245.99677919679618
67.0 2.1700570477627936 2.7393384971457384 3.2761737944339977 246.01079988029343
68.0 2.1659347147904353 2.7356953508365103 3.2729257911936216 246.02481759736798
69.0 2.1618176380142935 2.7320575928963495 3.269683118586144 246.03883234499892
70.0 2.1577058062997083 2.7284252124287467 3.266445765614447 246.0528441203002
71.0 2.1535992085006757 2.724798198525528 3.263213721270524 246.06682393517193
72.0 2.1494978334691983 2.721176540277552 3.259986974544865 246.08079625722056
73.0 2.145401670066086 2.717560226785138 3.2567655144372343 246.09476555499657
74.0 2.1413107071674458 2.7139492471645346 3.253549329963181 246.10873182580497
75.0 2.1372249336691715 2.7103435905524096 3.250338410158529 246.12269506696433
76.0 2.1331443384900854 2.70674324610897 3.2471327440825104 246.1366552757996
77.0 2.1290689105730043 2.7031482030194374 3.2439323208199062 246.15061244963695
78.0 2.124998638889792 2.699558450497482 3.240737129481822 246.1645665858019
79.0 2.120933512438296 2.695973977784595 3.237547159209113 246.1785176816113
80.0 2.1168735202446087 2.692394774150708 3.2343623991702626 246.19246573437778
81.0 2.112818651363476 2.688820828895024 3.231182838562922 246.20641074140607
82.0 2.1087688948785703 2.6852521313462825 3.228008466614159 246.22035269999228
83.0 2.1047242399026316 2.6816886708629077 3.2248392725806267 246.23429160742313
84.0 2.1006846755775346 2.6781304368330754 3.2216752457486177 246.24822746097564
85.0 2.096650191075422 2.6745774186754256 3.2185163754340897 246.26216025791683
86.0 2.092620775595061 2.6710296058370875 3.2153626509834154 246.27608999550162
87.0 2.089510592326953 2.667783997500315 3.2122140617708386 246.29001667097864
88.0 2.0861140420561006 2.6648709393552674 3.209699099549062 246.30246136405302
89.0 2.0825215644822355 2.661762744903569 3.2069882403261487 246.31537205251405
90.0 2.078795592322833 2.658521646322664 3.204143930726236 246.32860338584672
91.0 2.074979212584763 2.6551905912573313 3.2012092669916545 246.34205497895402
92.0 2.0711021486435808 2.6517992062672042 3.1982139786322747 246.3556575040224
93.0 2.0671848941965196 2.6483679178324024 3.1951785634242844 246.36936309310903
94.0 2.063241570547354 2.6449108006304165 3.192117145390997 246.38313870761735
95.0 2.059281901305248 2.6414375459676642 3.189039449964273 246.39696155474937
96.0 2.0553125767441616 2.6379548217744104 3.1859521686507386 246.41080642157678
97.0 2.0513381960799415 2.6344672118442474 3.1828599015120083 246.4246470656479
98.0 2.0473619179202958 2.63097786417036 3.179765807748771 246.43850079501013
99.0 2.043385909017885 2.6274889382284186 3.1766720545421947 246.452362505691
