0.0 2.9271188428648256 3.3313029584655496 3.7252513206540363 244.38471195408897
1.0 2.927949156866794 3.3325131528268583 3.7267911684667046 244.38233394862834
2.0 2.9278943522092145 3.3328367835195234 3.727445360874577 244.38132433708654
3.0 2.927142595931133 3.332462337287594 3.7274021792566767 244.3813909668123
4.0 2.925842057140886 3.3315382329482914 3.7268098823440767 244.38230506209206
5.0 2.9241095179745575 3.3301814481103165 3.7257853226772815 244.38388703912292
6.0 2.922037082728436 3.3284842403436836 3.724420659952577 244.3859956674686
7.0 2.919697424437724 3.3265194030186644 3.7227886108529864 244.38851972470604
8.0 2.9171478994578957 3.3243443870517333 3.720946566153988 244.39137153096186
9.0 2.914433781383268 3.322004540392439 3.718939826610429 244.39448191514649
10.0 2.911590807041869 3.319535658361282 3.7168041504917166 244.39779628056766
11.0 2.9086471834057743 3.3169659939566944 3.7145677617008306 244.40127152042808
12.0 2.9056251710050947 3.3143178439311445 3.7122529341388457 244.40487359389832
13.0 2.902542334016581 3.311608800969536 3.709877242542303 244.40857561785035
14.0 2.899412527621583 3.3088527426895875 3.7074545504316676 244.41235636250323
15.0 2.8962466780563525 3.306060612984077 3.7049957906277684 244.4161990642965
16.0 2.8930533989608693 3.3032410393865725 3.7025095819688514 244.4200904884231
17.0 2.889839478391883 3.3004008208851148 3.700002716614533 244.42402018815486
18.0 2.8866102636165745 3.2975453133464994 3.69748054506948 244.42797991946847
19.0 2.8833699651030735 3.2946787340034525 3.694947280355703 244.43196317833417
20.0 2.8801218966324664 3.2918044019578363 3.6924062382682754 244.43596483494423
21.0 2.876868664913264 3.288924928103235 3.6898600271034305 244.4399808445842
22.0 2.873612319280237 3.2860423650663866 3.6873106974471788 244.44400801911232
23.0 2.8703544698472108 3.283158325550973 3.68475986039903 244.44804384637303
24.0 2.867096380733325 3.2802740757142335 3.682208780854357 244.45208634752004
25.0 2.8638390435982326 3.277390608820443 3.6796584510838333 244.45613396431875
26.0 2.860583235626174 3.2745087033180456 3.6771096487524835 244.4601854701534
27.0 2.857329565232082 3.2716289686189373 3.6745629826533865 244.4642398997739
28.0 2.854078508077027 3.2687518811714322 3.672018928744902 244.4682964938536
29.0 2.850830435437562 3.265877812874808 3.6694778585371735 244.4723546552498
30.0 2.8475856365441543 3.2630070534532574 3.666940061444146 244.4764139145089
31.0 2.8443443361644194 3.260139828066999 3.6644057623774495 244.48047088584624
32.0 2.8411067084383386 3.2572763111693823 3.6618751355900403 244.48451572660966
33.0 2.837872887760299 3.2544166374061057 3.6593483155648694 244.4885607564819
34.0 2.834642977335154 3.2515609101847525 3.6568254055761757 244.4926057972914
35.0 2.831417055903007 3.2487092084101223 3.6543064844183633 244.4966507091348
36.0 2.8281951830225687 3.2458615917758915 3.6517916116926155 244.50069538217045
37.0 2.824977403220634 3.24301810492054 3.6492808319588765 244.50473973016244
38.0 2.8217637492496497 3.240178780690037 3.646774177995462 244.50878368540432
39.0 2.8185542446442104 3.2373436426982893 3.644271673357107 244.51282719472871
40.0 2.8153489057265673 3.2345127073357554 3.6417733343816905 244.51687021637187
41.0 2.812147743179279 3.231685985344551 3.639279171763901 244.520912717511
42.0 2.808950763277967 3.228863483053097 3.63678919178872 244.52495467233055
43.0 2.8057579688573147 3.226045203343599 3.6343033972980203 244.52899606050468
44.0 2.8025693600676527 3.2232311464098014 3.631821788447633 244.5330368660065
45.0 2.799384934967347 3.2204213103502908 3.629344363300109 244.53707707617434
46.0 2.796204689986486 3.217615691632868 3.626871118288655 244.5411166809798
47.0 2.7930286202895496 3.214814285457801 3.624402048580092 244.54515567245375
48.0 2.7898567200591335 3.2120170860419495 3.621937148358694 244.5491940442373
49.0 2.7866889827176604 3.2092240868408326 3.6194764110480726 244.55323179122965
50.0 2.783525401100669 3.2064352807221774 3.617019829484576 244.55726890931277
51.0 2.7803659675921377 3.2036506601014363 3.6145673960526774 244.56130539513575
52.0 2.7772106742301705 3.200870217047641 3.6121191027907407 244.5653412459464
53.0 2.774059512789412 3.1980939433659423 3.60967494147349 244.5693764594592
54.0 2.770912474845412 3.1953218306620608 3.6072349036764004 244.57341103375256
55.0 2.767769551824742 3.1925538703924894 3.60479898082586 244.57744496718806
56.0 2.7646307350440753 3.189790053903626 3.6023671642382764 244.58147825834791
57.0 2.7614960157406188 3.18703037246225 3.5999394451505053 244.5855109059856
58.0 2.7583653850958045 3.1842748172792534 3.5975158147435926 244.58954290898777
59.0 2.755238834253708 3.181523379528083 3.5950962641611732 244.59357426634438
60.0 2.752116354335376 3.1787760503590863 3.5926807845238202 244.59759575993482
61.0 2.748997936449945 3.176032820910654 3.590269366940171 244.6016096920712
62.0 2.745883571703268 3.173293682317852 3.5878620025155663 244.60562295704165
63.0 2.742773251204602 3.1705586257191274 3.585458682358721 244.6096355540589
64.0 2.7396669660717956 3.167827642261492 3.5830593975869354 244.61364748236372
65.0 2.73656470743526 3.1651007231045125 3.5806641393300693 244.61765874121818
66.0 2.7334664664410817 3.1623778594234153 3.5782728987336343 244.62166932990064
67.0 2.730372234253381 3.1596590424114592 3.5758856669611823 244.62567924770153
68.0 2.727282002056128 3.1569442632817473 3.573502435196107 244.62968849392047
69.0 2.7241957610545446 3.1542335132686294 3.5711231946430346 244.6336970678637
70.0 2.721113502476143 3.1515267836287557 3.568747936528904 244.63770496884212
71.0 2.7180352175715417 3.148824065641871 3.5663766521037337 244.64171219616998
72.0 2.714960897615034 3.146125350611407 3.5640093326412225 244.64571874916373
73.0 2.711890533905042 3.1434306298649286 3.5616459694392058 244.64972462714104
74.0 2.708824117764446 3.1407398947544545 3.559286553819954 244.65372982942023
75.0 2.7057616405407874 3.138053136656671 3.556931077130409 244.65773435531963
76.0 2.702703093606425 3.1353703469730982 3.554579530742339 244.6617382041573
77.0 2.6996484683586472 3.132691517130172 3.552231906052416 244.6657413752506
78.0 2.6965977562197074 3.1300166385793102 3.5498881944822913 244.66974386791603
79.0 2.693550948636847 3.1273457027969234 3.5475483874786025 244.67374568146897
80.0 2.690508037082298 3.124678701284413 3.5452124765129653 244.6777468152236
81.0 2.687469013053249 3.1220156255681455 3.5428804530819615 244.68174726849276
82.0 2.6844338680717956 3.119356467199405 3.5405523087070794 244.68574704058787
83.0 2.681402593684915 3.116701217754348 3.5382280349346735 244.68974613081886
84.0 2.67837518146437 3.1140498688339404 3.535907623335898 244.6937445384941
85.0 2.6753516230066596 3.1114024120638795 3.533591065506638 244.69774226292037
86.0 2.672331909932949 3.10875883909453 3.5312783530674325 244.70173930340292
87.0 2.669316033888968 3.1061191416008427 3.5289694776634026 244.7057356592453
88.0 2.6663039865449605 3.103483311282273 3.5266644309641646 244.7097313297495
89.0 2.663295759595588 3.100851339862706 3.52436320466376 244.71372097855078
90.0 2.6602913447598375 3.09822321909036 3.5220657904805583 244.71769862382726
91.0 2.657290733780946 3.0955989407377014 3.519772180157162 244.72167556296765
92.0 2.6542939184263155 3.092978496601372 3.5174823654603498 244.72565179526478
93.0 2.6513008904874056 3.090361878502086 3.515196338180965 244.72962732000985
94.0 2.6483116417796904 3.0877490782845554 3.5129140901338367 244.73360213649244
95.0 2.645326164142523 3.0851400878173996 3.5106356131577003 244.73757624400045
96.0 2.6423444494390673 3.0825348989930443 3.5083608991150856 244.74154964182014
97.0 2.6393664895562283 3.0799335037276605 3.5060899398922607 244.7455223292362
98.0 2.636392276404545 3.0773358939610604 3.5038227273991334 244.74949430553158
99.0 2.633421801918093 3.074742061656605 3.5015592535691464 244.75346556998767
