0.0 2.63042658969 2.96185401281 3.23006134313 0.390687903226 242.549141738
1.0 2.62806716828 2.96074979211 3.22989910439 0.39093223908 242.563831595
2.0 2.62296398851 2.95709718473 3.22740586565 0.390834256295 242.58257654
3.0 2.61546725781 2.95104373207 3.2225064794 0.390739065763 242.603103634
4.0 2.60588378931 2.94289726197 3.21550931813 0.39064634232 242.625189728
5.0 2.59448286311 2.93292791993 3.20668499831 0.390555812443 242.648642072
6.0 2.58163137338 2.92143238052 3.19627139021 0.39046724442 242.673293408
7.0 2.56784137932 2.9088199086 3.18459183213 0.39038030401 242.6989124
8.0 2.5532385099 2.89539307627 3.17209631668 0.390294494922 242.725170311
9.0 2.53793365857 2.88126303765 3.15889611078 0.39020971669 242.751990462
10.0 2.52202472648 2.8665279233 3.14508944369 0.390125881597 242.779305222
11.0 2.50559814276 2.85127436438 3.13076303327 0.390042912884 242.807054856
12.0 2.48873019503 2.83557882649 3.11599342153 0.389960743264 242.83518655
13.0 2.47125698677 2.81940129664 3.10084814678 0.38987931368 242.863653565
14.0 2.45303396793 2.80259879011 3.08518531192 0.389798837161 242.892570884
15.0 2.43415801795 2.78514970685 3.0688803515 0.389719516802 242.922042571
16.0 2.41472968124 2.76714680771 3.05201920808 0.389641283496 242.95201004
17.0 2.39483747473 2.74867887906 3.03469080999 0.389564059913 242.982411249
18.0 2.37455928117 2.72982404073 3.01697340226 0.389487778523 243.013191337
19.0 2.35396386139 2.71065305279 2.998935778 0.389412380344 243.044301765
20.0 2.33346276246 2.69139914583 2.98066887633 0.389305129721 243.075852447
21.0 2.31315394835 2.67229196654 2.96251111072 0.389186426054 243.107448483
22.0 2.29302777264 2.65336819454 2.9445361728 0.389068068284 243.138979536
23.0 2.27307559213 2.6346191688 2.9267353851 0.388950075374 243.170450724
24.0 2.25328965704 2.61603712371 2.90910096652 0.388832465342 243.201866591
25.0 2.2336630123 2.59761509028 2.89162593335 0.388715255359 243.233231167
26.0 2.21418940913 2.57934680739 2.87430401048 0.388598461848 243.264548021
27.0 2.19481274496 2.56120309557 2.85712955197 0.388482100579 243.295820312
28.0 2.17514470267 2.54297699088 2.84005401663 0.388366303375 243.327050379
29.0 2.15524462187 2.52451813683 2.82274336108 0.388251992526 243.358552667
30.0 2.13516406087 2.50587826669 2.80524944142 0.388139084922 243.390289982
31.0 2.11494775302 2.48710226574 2.78761725015 0.388027509093 243.422227737
32.0 2.0946344475 2.46822901481 2.76988576153 0.38791720384 243.454335608
33.0 2.07425764887 2.44929213242 2.75208867524 0.387808117072 243.48658702
34.0 2.05333032399 2.43019306917 2.73425507097 0.387700204791 243.518958693
35.0 2.03290651341 2.41096171714 2.71594974495 0.387613730932 243.551678813
36.0 2.01292790507 2.39216862325 2.69807201788 0.387547631429 243.583967133
37.0 1.99334556849 2.37377306839 2.68059178668 0.387481457731 243.615992655
38.0 1.97409538299 2.35572237384 2.66346633662 0.387415270489 243.647787767
39.0 1.95512487952 2.33796251222 2.64664023199 0.387349163201 243.679397311
40.0 1.93640779968 2.3204570684 2.63006816591 0.387283216242 243.710858193
41.0 1.91792134968 2.30318320371 2.61372724878 0.387217468133 243.742187876
42.0 1.89964575374 2.28612110385 2.59759762022 0.387151954071 243.773390858
43.0 1.88120735926 2.26908692211 2.58166205461 0.387086706289 243.804458975
44.0 1.86257569946 2.25189839014 2.56560427479 0.387022453466 243.8357146
45.0 1.84379906067 2.23456475935 2.54939913268 0.386959295107 243.867183884
46.0 1.82491859655 2.2171273079 2.53308802661 0.386897176997 243.898831259
47.0 1.80596931799 2.19962115226 2.51670617576 0.386836054124 243.930626098
48.0 1.78698926565 2.18207992681 2.50028348103 0.386775889527 243.96254204
49.0 1.76843089863 2.164728911 2.4838522593 0.386716635258 243.994549741
50.0 1.75024282138 2.14774934658 2.46779258804 0.386657318889 244.026252307
51.0 1.73238088379 2.13109704973 2.45206011795 0.386598025446 244.057706432
52.0 1.71480749621 2.11473436932 2.43661708603 0.386538831569 244.088957638
53.0 1.69749058107 2.09862917031 2.42143126421 0.386479805688 244.120033087
54.0 1.6804027699 2.08275403577 2.40647515315 0.386421009242 244.150956041
55.0 1.66352072834 2.0670855905 2.39172530466 0.386362497548 244.181746383
56.0 1.64682457205 2.05160391572 2.37716173526 0.386304320561 244.212421076
57.0 1.63029736249 2.03629204388 2.36276742005 0.386246523561 244.242994571
58.0 1.61392467255 2.02113552345 2.34852785648 0.386189147774 244.273443218
59.0 1.59741707181 2.00599223045 2.33443068944 0.386132230933 244.303804546
60.0 1.58067282312 1.99068709976 2.32023527128 0.386076559338 244.334328137
61.0 1.56374942612 1.97520266589 2.30585768503 0.386022464376 244.365101052
62.0 1.54669493978 1.95958712377 2.29134632458 0.385969853879 244.396077436
63.0 1.52950223711 1.94385867037 2.2767415671 0.385918653142 244.427218622
64.0 1.51233623098 1.92809059297 2.26203800193 0.385868941997 244.458532233
65.0 1.4955174569 1.91250391407 2.24737227391 0.385820285536 244.489878878
66.0 1.47899978256 1.89721939799 2.23300869841 0.385771726046 244.520944427
67.0 1.46274451222 1.88219828906 2.2189083669 0.385723376466 244.551793439
68.0 1.44671922022 1.86740811178 2.20503867103 0.385675336982 244.582466755
69.0 1.43089675722 1.85282167528 2.19137230443 0.385627696716 244.612989744
70.0 1.41525440575 1.8384162275 2.17788641454 0.385580535259 244.643383659
71.0 1.39977316466 1.8241727383 2.16456188366 0.385533924036 244.673666265
72.0 1.38443714387 1.81007529324 2.15138272085 0.385487927531 244.703852387
73.0 1.36923305368 1.79611058198 2.13833554874 0.385442604371 244.733954366
74.0 1.35414977462 1.78226746745 2.12540917126 0.385398008274 244.763959501
75.0 1.33917799586 1.76853662359 2.11259421017 0.385354188886 244.793874646
76.0 1.32394828937 1.754740626 2.09988279994 0.385311192518 244.823731432
77.0 1.30846835664 1.74072607099 2.08697381502 0.385270483201 244.853857036
78.0 1.29280240846 1.72653671997 2.07390008497 0.385212622081 244.884380439
79.0 1.27700273179 1.7122147767 2.06069210359 0.385154674036 244.91512998
80.0 1.26113048146 1.69780946383 2.04738821699 0.385100061906 244.946036141
81.0 1.24562947335 1.68355235205 2.03403853635 0.385048522235 244.97704544
82.0 1.23044245724 1.6696101616 2.02100406434 0.384997088896 245.007756819
83.0 1.21552236637 1.65593571759 2.00823731464 0.384946078971 245.038180212
84.0 1.20083054362 1.64249027069 1.99569927154 0.384895769702 245.068399746
85.0 1.18633526228 1.62924201505 1.98335790109 0.384846404413 245.09844728
86.0 1.1720104961 1.6161648558 1.97118691266 0.384798197779 245.128348903
87.0 1.15783489891 1.60323738673 1.9591647315 0.384751340474 245.158125923
88.0 1.14376234148 1.59042865225 1.9472736482 0.384706003235 245.187795706
89.0 1.12977180283 1.57770892945 1.93547600706 0.384662576058 245.217398133
90.0 1.11585871787 1.56506696564 1.92375454486 0.384621273014 245.246950817
91.0 1.10201923024 1.55249887468 1.91210531997 0.384582183877 245.276436652
92.0 1.0882500598 1.54000134663 1.90052496965 0.384545397418 245.305847553
93.0 1.07438513271 1.52749483963 1.88901060042 0.384511002175 245.335215536
94.0 1.06019977018 1.51480356567 1.87742846142 0.384480604247 245.364689906
95.0 1.0457754095 1.50187106346 1.86559819677 0.384456527092 245.394474315
96.0 1.03117706773 1.48876260082 1.85358570806 0.384438335852 245.424495315
97.0 1.01647586782 1.47553909034 1.84144347945 0.384425703341 245.4546937
98.0 1.0021106066 1.4624337269 1.82922867557 0.384418191234 245.485004096
99.0 0.98802323405 1.44960678202 1.81729247183 0.384411391877 245.515024245
