1.0 2.4593989151202402 2.83620490620302 3.1430540052190934 0.38506560898564574 242.49019902803832
2.0 2.4552323737632027 2.833191629933567 3.140933620347178 0.38512389038776185 242.50758729900102
3.0 2.4489613298730744 2.828210541881479 3.137008814654194 0.38490141926418936 242.5282640878119
4.0 2.440886730641563 2.8214215293406713 3.131269939027434 0.38468510439999853 242.55047919675872
5.0 2.431268623437563 2.8130853460947436 3.1239784929783805 0.38447416434201986 242.5740185954812
6.0 2.4203315040699622 2.8034270901941354 3.1153608026932402 0.3842679415075935 242.59869919860805
7.0 2.4078526046976645 2.7924452757226796 3.1056113256360174 0.384065880579961 242.62436385235966
8.0 2.39390241459517 2.7800727838252923 3.0945401317005823 0.38386876290207717 242.65118531565562
9.0 2.3787056235492177 2.766448751102924 3.0822102480542655 0.3836765251281899 242.67912221426218
10.0 2.3624563660958393 2.751768074492923 3.0688173165282433 0.3834886402870612 242.7080144358191
11.0 2.345457851919706 2.7362619402720916 3.0545304291000517 0.383304660304941 242.7377018956909
12.0 2.328273843976247 2.720332103207615 3.0396118812272324 0.3831237735417109 242.7679953957951
13.0 2.310944511683899 2.7042569478834015 3.0245464799502413 0.38294428591675317 242.7984784600843
14.0 2.2935045689316667 2.688071274617173 3.0093691158009124 0.38276611062679755 242.82912284695394
15.0 2.275983974362484 2.6718051167641765 2.9941099005803586 0.38258917291525046 242.85990394525695
16.0 2.2584085436858246 2.6554843545605658 2.978794782609788 0.3824134086171185 242.89080031718476
17.0 2.2408008168574067 2.6391337232514473 2.9634460848061925 0.38223876289723546 242.9217932990517
18.0 2.223179624049149 2.622787429768184 2.948119292418178 0.38202879245715443 242.95307272408562
19.0 2.2055616123270703 2.6064546975301477 2.93281756125397 0.38179721774291575 242.984520412966
20.0 2.1879613981812738 2.5901400053579366 2.9175325603504323 0.3815670025555036 243.01600964141107
21.0 2.1689421108639713 2.5729852109208236 2.902276823418369 0.3813381076896437 243.047542396388
22.0 2.150472362659134 2.5534658464657465 2.8809066074909735 0.3859920611669992 243.05225159254707
23.0 2.132143203368124 2.5363408707322166 2.864720291044644 0.385958793842254 243.0833497788905
24.0 2.1139474829714797 2.5193500921906558 2.84866765060703 0.3859256514884755 243.1143957195979
25.0 2.0955626880896867 2.502338134718401 2.8327424025571313 0.3858926400982535 243.14539396936397
26.0 2.076864815499175 2.4851027917827695 2.816671815592413 0.38586001319555585 243.17660316290645
27.0 2.057871463188186 2.4675976408626634 2.8003518533145306 0.3858278835390733 243.20812624359712
28.0 2.0386330022149277 2.449854773584967 2.783798340148201 0.385796256728537 243.2399530225753
29.0 2.019319917490395 2.4319766666870324 2.7670546663163664 0.3857651113669178 243.27201241784087
30.0 2.000363946751821 2.414240854582006 2.750265098655602 0.3857343228209336 243.30418887975168
31.0 1.9817242517346985 2.3968223336596504 2.7337927833735938 0.3857035321322369 243.33614069742927
32.0 1.9633660027347004 2.379687464262708 2.7176025789335396 0.3856727664020277 243.3678977560829
33.0 1.9452605747020897 2.362815533080137 2.7016842166119583 0.38562374654966525 243.39959569908982
34.0 1.927383521656606 2.3461802763015647 2.686011865446949 0.3855579378588309 243.43124839746602
35.0 1.9097128736468596 2.3297522684579346 2.6705463742959323 0.3854923209341708 243.46277224679818
36.0 1.892229836078657 2.3135126863228552 2.655268858292802 0.38542693269362616 243.49418332593547
37.0 1.8749183353499823 2.29744543223261 2.6401631652898807 0.3853618063858424 243.52545420179456
38.0 1.8577646261117433 2.281536740642753 2.6252154815304634 0.38529697206195856 243.55663310765505
39.0 1.8407569524419556 2.265774838698612 2.6104139914274502 0.3852324569990956 243.58773474488552
40.0 1.823885256056909 2.2501496539298294 2.59574858455165 0.38516828607889225 243.61876760133762
41.0 1.8070790947592799 2.234623346247184 2.5812106037090077 0.3851044821246667 243.6497388885241
42.0 1.7898981493431665 2.218957001679639 2.566741224580866 0.38504120399927666 243.68070763073257
43.0 1.7724241633204958 2.2029971117987373 2.551974707719663 0.38497946166910724 243.71205173842088
44.0 1.7547255326952131 2.186812223880323 2.536979960538916 0.3849191333378677 243.74370513900135
45.0 1.7370277821081397 2.1705380286348777 2.521814469121227 0.38486011823068206 243.77557643747443
46.0 1.71969559669993 2.154444080462484 2.5066658170608536 0.3848019279988819 243.80749283189135
47.0 1.7026806659926377 2.1386683652662057 2.4918355632314046 0.38474369177500833 243.83915095934944
48.0 1.6859423761795749 2.123170217448654 2.4772828818540567 0.38468550252097244 243.87058915763154
49.0 1.6694466196327462 2.1079154866788206 2.4629734840465862 0.3846274419144364 243.9018397676388
50.0 1.6531647780495873 2.092875519489782 2.448878596586739 0.3845695818125876 243.9329300180077
51.0 1.6370728562503662 2.078026291773308 2.434974091874669 0.38451198557248994 243.96388279033485
52.0 1.621135019923535 2.0633402545626565 2.4212397485258847 0.38445470923144115 243.99471727842754
53.0 1.6053089932708304 2.0487817686415126 2.4076457128476987 0.3843978458649186 244.0254363476435
54.0 1.5895883452675268 2.034329394725077 2.394156978349026 0.3843415137720777 244.05608240079528
55.0 1.5739676229145396 2.0199776734175687 2.3807680550437507 0.3842857375906155 244.08668134965137
56.0 1.5584421910265205 2.0057219640902173 2.3674742748229023 0.38423054054763833 244.1172371048301
57.0 1.5430080974812168 1.991558309931461 2.354271656007422 0.3841759447347348 244.1477529076345
58.0 1.5276407929067546 1.9774733083844271 2.3411567895773953 0.384121971347416 244.17823143753026
59.0 1.5118541399700984 1.9632264102717945 2.3281094806354234 0.38406870632042245 244.20869418402597
60.0 1.4957441927265875 1.9486556701610867 2.3147335962680393 0.3840176971195127 244.23958500842232
61.0 1.4793896617425975 1.9338400116341368 2.3011085544528345 0.3839687436301039 244.2708201663872
62.0 1.4632743886641908 1.9190395246946075 2.287299341759246 0.38392168434216356 244.3022774655297
63.0 1.447466854165 1.9044948298106548 2.2736994896551774 0.38387498014597443 244.3335647086083
64.0 1.4319226120305737 1.8902142901624168 2.2603638958726893 0.38382838154180937 244.36461670665955
65.0 1.4166050896145133 1.8761613010460136 2.2472557545925382 0.38378201388308797 244.39547150958293
66.0 1.401484220483362 1.8623057700982857 2.2343448030225908 0.3837359860110745 244.42616047839044
67.0 1.3865353044847626 1.8486229761058688 2.221606175463154 0.38369039277932465 244.45670940894894
68.0 1.3717380597704716 1.8350926200051134 2.209019450210352 0.3836453172623617 244.48713947770418
69.0 1.3570758362313038 1.8216980374874019 2.1965678586445607 0.3836008326741633 244.51746803482507
70.0 1.3425349642167441 1.808425547047184 2.1842376302739552 0.38355700402499554 244.5476857231193
71.0 1.328104216312359 1.7952639112165436 2.1720174514128683 0.38351388954571786 244.57779987503864
72.0 1.3137743633543868 1.7822038921413905 2.1598980185907153 0.38347154190778476 244.6078477176144
73.0 1.2995378088085956 1.7692378856064503 2.1478716707449195 0.3834300092653794 244.63783688077405
74.0 1.2857771769611446 1.7565799010177334 2.1359320867928946 0.38338933614386356 244.66777354718604
75.0 1.2723260213580312 1.7447771577671132 2.125604146450405 0.38244995960293565 244.70369833725482
76.0 1.2583535496325746 1.7323453378280553 2.114355627126552 0.3823837434648692 244.73315190224545
77.0 1.2439697601958892 1.7195069784138854 2.102698768497036 0.38232327877785294 244.76312435302464
78.0 1.2293589884794252 1.7063954479219192 2.0907229572888935 0.38226805612076215 244.7935149761193
79.0 1.2149657849127207 1.693296802290804 2.0785767509474606 0.38221695475303563 244.82410448180335
80.0 1.200758000275988 1.680384217773491 2.0666161864178223 0.3821667280069454 244.85450962247305
81.0 1.1867096541417326 1.6676316667498936 2.0548150011163844 0.38211760184619403 244.88476748813065
82.0 1.172799754291502 1.6550181156298873 2.0431519633964164 0.3820697731202958 244.91490091015763
83.0 1.1590113351045932 1.6425265619250673 2.0316099030584502 0.38202341481846847 244.94492821408764
84.0 1.1453306759037303 1.6301432515118095 2.0201749231057273 0.38197868053281914 244.97486406914803
85.0 1.1317466667786757 1.6178570435650799 2.0088357600728033 0.38193570823383666 245.00472018246572
86.0 1.1182502949669415 1.6056588962069558 1.9975832658354644 0.38189462345450065 245.03450586498087
87.0 1.1048342295601576 1.5935414506088972 1.986409988521192 0.38185554197044136 245.06422849176
88.0 1.0914924862359487 1.5814986952230436 1.97530983409136 0.3818185720539229 245.09385139557295
89.0 1.0782201569938499 1.5695256951006513 1.9642777934637425 0.381783816369778 245.12340986484747
90.0 1.065013192595958 1.5576183739815617 1.953309722782802 0.38175137357231725 245.15291914326318
91.0 1.0518682276648914 1.545773339093446 1.9424021667118203 0.3817213396538981 245.18238194170524
92.0 1.0387824402483306 1.5339877404587203 1.9315522164901477 0.38169380908839795 245.21180031544947
93.0 1.0257534391859644 1.5222591580356661 1.9207573960363589 0.38166887580630815 245.2411757915241
94.0 1.0124594117198944 1.5104339553661041 1.910015570638978 0.3816466340324984 245.27050947087207
95.0 0.998804941665405 1.498335004183511 1.8990726622119334 0.38163067827375796 245.30011252290134
96.0 0.9850551478090847 1.486048075025128 1.887853845498357 0.38162241874538466 245.3300776043914
97.0 0.9715708134315887 1.4738518417367306 1.8765684147025308 0.3816192504025771 245.36012587354642
98.0 0.9583033859915314 1.4618728427688017 1.8655002079577192 0.3816171465654966 245.38988883201745
99.0 0.9452145488462712 1.4500726788748324 1.8546103433770842 0.3816166117496237 245.4194490720545
100.0 0.9322740675429453 1.4384210397452173 1.8438681115292472 0.38161807793182717 245.44884183924984
