1.0 2.539641520221124 2.8521509216462095 3.110513945963498 0.39747641911151566 241.86917559987262
2.0 2.539952871329936 2.852461516776695 3.110775217299213 0.3977565809239925 241.88606176847188
3.0 2.5396929813289475 2.852236992227874 3.1105712071581246 0.3977562640078767 241.9026274459999
4.0 2.538931390460874 2.851510420425058 3.109865089291278 0.39775648026873767 241.9195656774613
5.0 2.5377290630010094 2.8503428178112302 3.1087178960168913 0.39775716503135894 241.93683015424233
6.0 2.5361394760538944 2.8487877070948584 3.1071831632860216 0.39775826209102005 241.95438043133404
7.0 2.5342095625580305 2.8468920610769546 3.10530787498662 0.39775972250936437 241.97218114614088
8.0 2.5319811938548717 2.8446974876891353 3.1031332825120646 0.397761503602538 241.9902013502787
9.0 2.529491905892268 2.842241141129714 3.100696201273524 0.3977635674630183 242.0084134998126
10.0 2.5267732003148526 2.8395560686204617 3.098029894042791 0.3977658809904168 242.02679275939965
11.0 2.523854393525878 2.8366707735597725 3.0951633733359603 0.3977684148405746 242.0453175105522
12.0 2.5207596757577733 2.833609469821084 3.092120857645996 0.3977711429939548 242.06396974794183
13.0 2.51751031509965 2.8303934460104725 3.0889236392219805 0.3977740438273876 242.0827336567829
14.0 2.5141250131155695 2.827113479551263 3.0855904406807615 0.3977770983578364 242.10159534633772
15.0 2.5108426409791136 2.82386452546259 3.0823602409090727 0.3977802899100911 242.12037477466845
16.0 2.507428321267622 2.820483604304698 3.078998153412844 0.3977833915415922 242.13925030140652
17.0 2.5038980362749648 2.816986681806975 3.0755200868997092 0.397786627261292 242.1582088441792
18.0 2.500265840548255 2.813387825398152 3.0719401111729763 0.39778998276525535 242.17723997589724
19.0 2.49654409412272 2.8096994063788294 3.0682705995800528 0.3977934454778709 242.19633453138792
20.0 2.4927436672386976 2.8059323048429667 3.064522433983507 0.3977970043395581 242.2154844532439
21.0 2.488874120110395 2.8020960896254223 3.0607051847502738 0.397800649621673 242.2346826569245
22.0 2.484943860848821 2.7981991763812326 3.056827275563107 0.39780437276487285 242.25392291260172
23.0 2.480960284240353 2.794248966500845 3.0528971470384985 0.3978081662377725 242.2731997415951
24.0 2.476929893736333 2.7902519692192147 3.0489202616234716 0.3978120234131905 242.29250832553095
25.0 2.472858408710381 2.7862139089775493 3.0449023451726345 0.3978159384596805 242.31184442661745
26.0 2.4687508587813705 2.7821398198375853 3.0408484329900136 0.39781990624636854 242.33120431764104
27.0 2.4646116667752938 2.778034128523229 3.0367629528939104 0.3978239222593944 242.35058472047112
28.0 2.4604447217041248 2.7739007274691216 3.032649798285488 0.397827982528489 242.36998275201964
29.0 2.4562534429696066 2.7697430390853306 3.0285123924306987 0.3978320835624169 242.38939587673653
30.0 2.452040836851585 2.765564072298876 3.02435374501673 0.39783622229218263 242.40882186484072
31.0 2.4478095462109515 2.761366472303132 3.020176501914268 0.397840396021043 242.4282587555837
32.0 2.4435625200846665 2.7571529107593626 3.01598298896352 0.3978446023804922 242.44770482493558
33.0 2.4393023738827826 2.7529259942265747 3.0117757997772263 0.3978488386618978 242.4671581415246
34.0 2.435030756091561 2.7486876627574617 3.0075572341227907 0.3978531024563132 242.48661699105003
35.0 2.430749115357137 2.744439366323894 3.0033287423835247 0.3978573923008146 242.50608029797797
36.0 2.4264587245688136 2.7401823789971194 2.999091599005979 0.39786170691499534 242.52554711711764
37.0 2.4221607020505456 2.7359178201580154 2.9948469237150857 0.3978660451794853 242.5450166179647
38.0 2.4178560302070884 2.7316466731595996 2.990595700180896 0.3978704061170076 242.56448807092113
39.0 2.4135455719296743 2.727369801746996 2.986338792442234 0.3978747888756713 242.5839608351671
40.0 2.4092300850297157 2.723087964503567 2.982076959356023 0.397879192714236 242.60343434798565
41.0 2.4049102349367706 2.7188018275597163 2.977810867308851 0.3978836169891132 242.62290811536693
42.0 2.4005866058687184 2.7145119757725373 2.973541101399043 0.39788806114290115 242.64238170373943
43.0 2.396259710657404 2.7102189225596502 2.969268175272568 0.3978925246942714 242.66185473269272
44.0 2.3919299993907814 2.705923118548556 2.964992539774238 0.39789700722904736 242.68132686857243
45.0 2.387597867013707 2.701624959183631 2.9607145905562406 0.3979015083923354 242.70079781884488
46.0 2.383265555663882 2.6973254393571837 2.9564346747692247 0.3979060278815834 242.72026732713707
47.0 2.3789338550402097 2.69302612193573 2.952154756242962 0.3979105654404592 242.73973388898014
48.0 2.3746027418725975 2.6887274551272324 2.947875528192535 0.3979151190952983 242.75919698534426
49.0 2.3702721958236426 2.684429418896452 2.9435969709040477 0.39791968819548457 242.7786566390662
50.0 2.3659421987522293 2.6801319953098037 2.9393190665782916 0.3979242728407757 242.79811286744848
51.0 2.3616127344450186 2.675835168363901 2.935041799347234 0.3979288731294092 242.8175656863532
52.0 2.357283788380452 2.67153892374939 2.9307651550378293 0.39793348915835774 242.8370151103779
53.0 2.352955347521295 2.6672432486433513 2.926489120964383 0.39793812102355436 242.85646115301054
54.0 2.3486269735798784 2.662948131526841 2.9222136857460725 0.3979427688200926 242.8759038267648
55.0 2.3442976435395075 2.6586535620245457 2.9179388391465837 0.39794743264240334 242.89534314330024
56.0 2.3399687820902395 2.654359530763862 2.9136645719331598 0.39795211258441116 242.91477911352752
57.0 2.3356415945602165 2.6500667043662482 2.90939087575283 0.39795680873967354 242.9342117477004
58.0 2.331316004978491 2.6457755092368465 2.905118805666127 0.39796151986825545 242.95364023587834
59.0 2.3269918639299823 2.6414858326775494 2.9008482948741094 0.39796624612390297 242.9730646315494
60.0 2.322669040092475 2.6371975435223143 2.896579212338577 0.3979709877432364 242.99248503798157
61.0 2.3183474180186883 2.632910526493229 2.892311442912157 0.3979757449456202 243.01190154646702
62.0 2.314026896188604 2.6286246802512476 2.8880448853887786 0.3979805179353047 243.03131423778444
63.0 2.3097073852992294 2.624339915684592 2.88377945079183 0.39798530690331446 243.05072318348226
64.0 2.3053888067630766 2.6200561544060403 2.8795157262673285 0.3979901120291136 243.07012844700822
65.0 2.3010710913899732 2.6157733274337045 2.8752533638856748 0.3979949334820729 243.0895300847002
66.0 2.29675417822996 2.6114913740330468 2.8709919181042323 0.3979997714227639 243.1089281466571
67.0 2.2924380135576867 2.6072102407005024 2.8667313355592725 0.3980046260040995 243.12832267750431
68.0 2.2881225499811433 2.602929880271533 2.862471569228148 0.39800949737233965 243.14771371706567
69.0 2.2838077456595065 2.5986502511379035 2.8582125776463947 0.398014385667977 243.16710130095328
70.0 2.279493563616884 2.594371316560928 2.853954324220842 0.39801929102651884 243.18648546108597
71.0 2.275179971140204 2.5900930440689325 2.8496967766269523 0.3980242135791757 243.20586622614402
72.0 2.2708669392510434 2.585815404928701 2.845439906280153 0.39802915345346895 243.225243621969
73.0 2.2665544422423114 2.5815383736818482 2.8411836878721197 0.39803411077376605 243.24461767191445
74.0 2.2622424572718813 2.577261927738178 2.836928098964067 0.3980390856617529 243.26398839715313
75.0 2.257930964006247 2.5729860470190844 2.8326731196300545 0.3980440782368506 243.28335581694762
76.0 2.2536199443079887 2.568710713644846 2.8284187321442595 0.39804908861658295 243.30271994888784
77.0 2.2493093819617838 2.564435911660432 2.8241649207066994 0.39805411691690046 243.32208080909786
78.0 2.24499926243417 2.5601616267951393 2.819911671202861 0.398059163252467 243.3414384124196
79.0 2.240689572662949 2.555887846251852 2.815658970992891 0.3980642277369124 243.3607927725726
80.0 2.2363803008725873 2.5516145585223415 2.811406808726891 0.39806931048305577 243.38014390229418
81.0 2.2320714364123924 2.5473417532253593 2.807155174182978 0.39807441160310325 243.39949181346324
82.0 2.2277641735792506 2.5430700934162074 2.802904058125397 0.39807953120882195 243.41883651720792
83.0 2.2234602703982143 2.5388006249183057 2.7986545029468175 0.3980846679629318 243.43817719751604
84.0 2.219160259676978 2.534534516124224 2.794408040490812 0.398089822005041 243.45751263820145
85.0 2.21486369364177 2.530271922642186 2.790165135725705 0.3980949917027686 243.47684247787782
86.0 2.210570180953227 2.52601245337936 2.785925397943885 0.39810017655810187 243.4961670289224
87.0 2.2062793790784276 2.521755765932585 2.7816884848584493 0.3981053771098834 243.51548656029408
88.0 2.2019909881918758 2.5175015606264077 2.777454096916326 0.3981105938446172 243.53480130805093
89.0 2.197704745834216 2.5132495751690485 2.773221971953503 0.39811582720293887 243.55411147944218
90.0 2.1934204222349876 2.5089995799728633 2.7689918805148426 0.39812107758530413 243.57341725649363
91.0 2.1891378162175004 2.5047513740571645 2.7647636217563285 0.3981263453569909 243.59271879915073
92.0 2.1848567516136423 2.500504781461349 2.7605370198577353 0.39813163085249637 243.61201624803095
93.0 2.1805770741256105 2.4962596481051396 2.75631192088245 0.3981369343794025 243.63130972683646
94.0 2.176298648579052 2.492015839040477 2.7520881900290113 0.3981422562217733 243.6505993444673
95.0 2.1720213565191497 2.4877732360465195 2.747865709225815 0.39814759664314053 243.66988519687183
96.0 2.1677450941070115 2.4835317355251285 2.7436443750263417 0.3981529558891282 243.68916736866797
97.0 2.163469770279091 2.4792912466594985 2.7394240967675563 0.3981583341897581 243.70844593456192
98.0 2.1591953051369246 2.4750516898032173 2.735204794958799 0.3981637317614767 243.7277209605918
99.0 2.154921628538464 2.470812995071049 2.7309863998723953 0.39816914880893506 243.7469925052151
100.0 2.1506480321960613 2.466575101106342 2.726768850310938 0.39817458552655394 243.76626062026125
