1.0 2.6195612475677788 2.937101484756349 3.1936246634231 0.38582708031514557 241.8511533223332
2.0 2.6174404826062894 2.9361227887291665 3.193547743589 0.38582985444761425 241.87463540504214
3.0 2.613046919162829 2.9329116371898007 3.191285979239315 0.38573126950823605 241.8932749213861
4.0 2.6066640607646416 2.9277079224491986 3.1870277547970023 0.3856348814942959 241.91339639733948
5.0 2.59844197852707 2.9207150539913833 3.1810228817350326 0.3855404378234393 241.9348179579905
6.0 2.5882313298840676 2.9119347052096063 3.173404316985638 0.3854478207434115 241.95744669718832
7.0 2.5762866266664464 2.901416152098243 3.164042536717721 0.38535721201581763 241.98138795757094
8.0 2.562832157406793 2.889384276867966 3.153162898135161 0.38526840598359396 242.00648374274056
9.0 2.5480658370719644 2.8760375134464202 3.1409642445924226 0.3851812267280877 242.03259600252383
10.0 2.5321624810442502 2.8615511320441875 3.127622201230633 0.3850955229237776 242.05960369341193
11.0 2.51527660803126 2.8460800508425517 3.113291995475312 0.3850111637662373 242.08740036515871
12.0 2.4975868158874355 2.829780454514016 3.0981108856649517 0.3849280357191019 242.11589216288016
13.0 2.4796432097670555 2.812989722534104 3.0822369451951372 0.3848459955199696 242.1449678924388
14.0 2.461489966936491 2.7959894495794253 3.066152386007629 0.3847644942263154 242.17426315894775
15.0 2.443166140845725 2.7788187603762213 3.0498963864371884 0.38468350141539204 242.20375075600575
16.0 2.4247062214986723 2.7615122079995817 3.0335035473432224 0.38460299028658607 242.2334064578995
17.0 2.406140319704026 2.744102333020411 3.017004393300272 0.3845229372749959 242.26320869661197
18.0 2.387493280357838 2.726627872164615 3.0004580740432183 0.38440584748021644 242.29332533708333
19.0 2.3685671666305685 2.708997313133775 2.9838637264921317 0.3842785136599229 242.32360925586485
20.0 2.3491629893248307 2.6910221085692165 2.967040081314304 0.384152253998338 242.35414491220797
21.0 2.329361099061151 2.67264823155489 2.9498150054900782 0.384027487814411 242.38507457373007
22.0 2.309226242906517 2.6539437834176756 2.9322595175221338 0.38390411873646246 242.4163476301995
23.0 2.288769988614247 2.6349447785982596 2.9144308836391604 0.383782074205204 242.447923433129
24.0 2.2680547441189627 2.6156861815513373 2.8963401137501847 0.38366138306209147 242.4797981840146
25.0 2.2471352133283093 2.59622285367624 2.878042208493572 0.3835419711030864 242.51193174511317
26.0 2.2265256695450364 2.5768169459833636 2.859585313075578 0.38342377376502673 242.5442885890133
27.0 2.206227710956862 2.557709203495704 2.841414273420172 0.3833057412818875 242.5765007313244
28.0 2.1862151912481242 2.538887907319588 2.823529522188715 0.38318785633970465 242.60856402998238
29.0 2.16645628333178 2.5203239934617954 2.8059073719824275 0.3830710249778987 242.64048946909793
30.0 2.1469325780672546 2.501977752550411 2.7884797934261902 0.38299800826811137 242.67206906442377
31.0 2.1276270427490633 2.4838505105076347 2.7712708204809235 0.38292516141845734 242.70354476967984
32.0 2.108524639594429 2.4659272084737975 2.7542653616820694 0.3828525046044911 242.73492699680128
33.0 2.0894727108731215 2.448129262384819 2.737450094092424 0.3827800565733037 242.7662249296652
34.0 2.07016139471164 2.430241998019057 2.7206938400579297 0.38270804395892394 242.79755175193736
35.0 2.0506463146138163 2.4121508630836592 2.7037314151852243 0.3826369502571488 242.82914223184642
36.0 2.03097562051318 2.393904127702832 2.6866112246052682 0.38256672565188005 242.86095762769884
37.0 2.011190928935134 2.375543512226397 2.6693751064252957 0.3824973275745968 242.89296407606886
38.0 1.991328147166477 2.357105013485847 2.6520591600087777 0.38242871984948507 242.92511596436523
39.0 1.9714333757080855 2.3386266211125992 2.634694472559105 0.3823608719595715 242.95737574107898
40.0 1.951981469988377 2.3203483412641828 2.6173206761166115 0.3822937328364427 242.9897361860313
41.0 1.9329231726208493 2.302464746640115 2.600341729408884 0.38222650932961144 243.02182732535698
42.0 1.9142157084703941 2.284933005435455 2.5837146931360313 0.38215926250435517 243.0536827365631
43.0 1.8958219745257066 2.267715966430432 2.567402319707895 0.38209204771080724 243.0853317504693
44.0 1.8777098207997514 2.2507814387309475 2.5513723319876425 0.3820249151018208 243.11679993564206
45.0 1.8598514140841327 2.2341015545019016 2.53559678506317 0.3819579101340398 243.1480711526528
46.0 1.8422226766345164 2.2176522067688422 2.5200515031404565 0.38189107404524586 243.1791988562874
47.0 1.8247687474952095 2.2013966415645294 2.504715584026959 0.38182444430352913 243.21020418330437
48.0 1.8074697206304928 2.185300716210741 2.4895422405824528 0.38175812192447334 243.24112904495686
49.0 1.7898728173320018 2.169142815596886 2.474514342617298 0.381692145730615 243.27198787578976
50.0 1.7720224215808802 2.152742181415071 2.4592504034048877 0.38162744106789837 243.30314789383215
51.0 1.7539770248611795 2.136146564799588 2.443788700816085 0.3815639708529275 243.33457663387952
52.0 1.735786301277103 2.119405756774914 2.4281792183766098 0.38150166392485774 243.36622077125588
53.0 1.7174923658110473 2.102561970732592 2.4124643338723395 0.38144046109222174 243.39801244684082
54.0 1.699271764220536 2.085715982629772 2.3966799078387835 0.3813803135532511 243.42995619861998
55.0 1.6814603623696125 2.069102268265641 2.3809741545559664 0.3813208625382493 243.46190672804104
56.0 1.6640070656589734 2.052847659536991 2.3656277694592514 0.3812613484893942 243.49358255800863
57.0 1.6468683282342724 2.036908566840729 2.3505970105270553 0.38120185999804873 243.52502191674805
58.0 1.630007080740079 2.0212478847222055 2.335844638475408 0.38114247623121994 243.5562575372577
59.0 1.6133917988658877 2.005834059163124 2.32133898193315 0.3810832679808857 243.5873173885702
60.0 1.5969956966838534 1.99064027985098 2.307053127765768 0.38102429864504417 243.6181953622326
61.0 1.5807960299970545 1.9756437826252353 2.2929642217461397 0.38096562513329413 243.64892610133728
62.0 1.5647734962218092 1.9608252485935602 2.279052866070936 0.38090729869429785 243.67954261110208
63.0 1.5489117186151677 1.9461682877180284 2.2653026015072517 0.38084936566567124 243.71005947280722
64.0 1.5331587832573381 1.9316411144416166 2.251699463250316 0.3807918681490857 243.74048903056823
65.0 1.517097428254906 1.9170247166870358 2.2382001381131293 0.3807349501694774 243.77087470073198
66.0 1.5007982548650038 1.9021705356191734 2.2244595143020427 0.3806798027466869 243.80157895509103
67.0 1.4843200955731937 1.8871375253105243 2.2105368499910654 0.38062630500888994 243.83254359520114
68.0 1.4677118987039763 1.871974733367409 2.1964814470935616 0.3805743585976634 243.8636913858528
69.0 1.4510143148436865 1.8567228910081908 2.1823342489320376 0.380523884281217 243.8949881452924
70.0 1.434636419151658 1.841589360756525 2.1681291858739873 0.38047481915617226 243.92642018338728
71.0 1.4186148544554482 1.8267735330627835 2.1542027225132108 0.38042592541127457 243.95762561246914
72.0 1.4028692569463759 1.8122659491414703 2.140618402105674 0.38034893517508483 243.98875277986065
73.0 1.3873646226696452 1.7980007448500006 2.127277178395997 0.38027080334085267 244.01969601375623
74.0 1.3720713195487129 1.7839476159287029 2.1141477067022034 0.38019323822620044 244.0504731769043
75.0 1.356964616584463 1.7700817945315 2.1012050666545665 0.3801163779329069 244.0811080184239
76.0 1.342023881028267 1.7563826161412004 2.0884284616280575 0.38004034570547346 244.1115865973428
77.0 1.327231901165689 1.7428328413947334 2.0758005375732433 0.37996525215504695 244.14194399054873
78.0 1.3125743163172687 1.729418085276294 2.0633068095952294 0.3798911972263039 244.1722090456281
79.0 1.2980391380474634 1.7161263376488594 2.0509351802113374 0.37981827192776907 244.20239302624287
80.0 1.2836163487496683 1.7029475612709786 2.0386755353983395 0.3797465598478107 244.2325052347486
81.0 1.2689820606428592 1.689724756469436 2.026519406471917 0.3796761384787498 244.26255333389827
82.0 1.254045506034732 1.6762767181841434 2.014202814513259 0.3796091003291962 244.2928296058669
83.0 1.2388816256081177 1.6626003744047335 2.001652488851978 0.3795462013053374 244.32341810199216
84.0 1.2235514188207686 1.6487568993568562 1.9889301041460592 0.37948715318447274 244.35423540172306
85.0 1.2081303034382698 1.63480797125711 1.9760857588072112 0.37943173000238545 244.38520828581633
86.0 1.193092752132794 1.6210062282739286 1.963181016126517 0.37937957543076 244.4163039164987
87.0 1.178377782319455 1.607527802083263 1.9506002630690564 0.37932740620988975 244.44708706573795
88.0 1.1639354629537 1.5943227010550338 1.9382931268156762 0.3792755691475311 244.47761000268252
89.0 1.1497249544073538 1.581349987220272 1.9262183922304963 0.37922436609484605 244.50791556872045
90.0 1.1357127438802959 1.5685761290763143 1.9143422263663485 0.3791740606976414 244.53803896099512
91.0 1.1218715388921099 1.555973813625896 1.9026370621923971 0.37912488548637574 244.56800878421572
92.0 1.1081791124478295 1.5435207773796886 1.8910804375473453 0.3790770453161084 244.59784677359565
93.0 1.094617311151289 1.5311988337003355 1.8796539961271816 0.37903072221230855 244.6275238617054
94.0 1.0811701935021223 1.5189920598856377 1.868342726612554 0.37898607992298644 244.65710481242812
95.0 1.0678216717577986 1.506881932968599 1.8571249800725975 0.3789493774309615 244.68655907009338
96.0 1.0545590843034134 1.4948545458187452 1.8459833394822212 0.378923676608028 244.7158788361789
97.0 1.0413415312142311 1.482891248424348 1.834920912389824 0.37889932208289606 244.74514491282747
98.0 1.0279944477134044 1.470892592057147 1.8239048982356207 0.3788765859980929 244.77439563455243
99.0 1.0142780052887035 1.4586729727831969 1.8127963410189851 0.37885657313066334 244.80379901783616
100.0 1.0002857355315948 1.4461770335582917 1.8014050450705326 0.37884090409143756 244.83358812065927
