0.0 2.433337172013405 2.972564503585488 3.4846461778272433 245.10799667543472
1.0 2.431251856014504 2.9713936220880175 3.4842720398932943 245.12240561062373
2.0 2.4273152036864225 2.96837511309058 3.4820465374955827 245.1406482696727
3.0 2.4220387591129833 2.964019677318983 3.4784813206515763 245.16166762772235
4.0 2.416731212562431 2.959008958895026 3.4739480649757315 245.18470163094975
5.0 2.4104533567062743 2.9536629876427503 3.4693942322481544 245.20778700644763
6.0 2.4034767641348704 2.9476199946512933 3.46414172348623 245.2323403931089
7.0 2.3959989921924585 2.9410772153201123 3.458388157921129 245.25795853673554
8.0 2.388163778141654 2.9341781485202225 3.452277315898446 245.28434817094038
9.0 2.380075674730624 2.92702717044038 3.445913780167444 245.31129579544512
10.0 2.371810689173359 2.9197001576150763 3.43937419492739 245.33864591377753
11.0 2.363424031706225 2.9122522236964747 3.432714157258324 245.36628527716525
12.0 2.3549557650019666 2.904723360130588 3.425972745441687 245.39411514108602
13.0 2.346434924930409 2.8971425504174073 3.4191790066501992 245.4220476061574
14.0 2.340253900700947 2.8909598919732478 3.4123539637149243 245.45008247759654
15.0 2.3333663991322147 2.885014852614555 3.407208227847452 245.4745612706797
16.0 2.3259770793584518 2.878569559402637 3.4015607558258365 245.50013075327445
17.0 2.318233411053345 2.8717711940667208 3.3955590754274083 245.52648271887963
18.0 2.310241626315116 2.8647257778698 3.389309459197649 245.55339494900693
19.0 2.302078205086103 2.8575096364701955 3.382888415264376 245.58070715833375
20.0 2.2937981604723894 2.8501776702267327 3.3763509764120294 245.60830374063772
21.0 2.285441021711996 2.842769326160488 3.3697366856652313 245.6361013474894
22.0 2.2770351562360815 2.8353129119280758 3.363073920171144 245.6640399253717
23.0 2.2686008916414457 2.8278287118431136 3.356383014438664 245.6920762397535
24.0 2.260152769846174 2.8203312366505853 3.349678515373453 245.7201791932676
25.0 2.251701173567959 2.812830846781603 3.3429708093653563 245.74832018625858
26.0 2.2432534989157302 2.805334922570333 3.3362672953006887 245.77643103017405
27.0 2.234813426299958 2.797848707044161 3.3295732293850335 245.80455829408518
28.0 2.226385914633104 2.7903759122567315 3.3228923329563327 245.83269378383906
29.0 2.2179739059147976 2.7829191550057115 3.3162272292781583 245.86083163574023
30.0 2.209579237079557 2.775480269572788 3.3095797570605368 245.88896765754995
31.0 2.2012031854975964 2.768060531920184 3.3029511952226924 245.91709885433983
32.0 2.192846629830978 2.7606608202107465 3.2963424238232557 245.9452230877518
33.0 2.18451016506224 2.753281729590216 3.2897540391384044 245.9733388314294
34.0 2.1761941846435153 2.745923654159821 3.2831864358519525 246.00144499569672
35.0 2.167898939091031 2.738586845435885 3.276639865665226 246.02954080204202
36.0 2.159624577719929 2.7312714539935135 3.2701144790539143 246.0576256933715
37.0 2.151371178337168 2.7239775590878503 3.2636103549707802 246.08569926991618
38.0 2.143138768329108 2.7167051896929997 3.257127521940821 246.1136984999637
39.0 2.134927339625295 2.7094543394296227 3.250665973031172 246.14168118651816
40.0 2.1267368593029587 2.7022249771417477 3.244225676454991 246.16965173090006
41.0 2.118567277083248 2.695017054376494 3.2378065830763276 246.1976100198548
42.0 2.1104185306316747 2.6878305106693285 3.2314086317078345 246.2255559678024
43.0 2.102290549297526 2.6806652772736927 3.2250317528511716 246.25348950861948
44.0 2.0950894796349018 2.673815796158282 3.218675871331896 246.28141058982592
45.0 2.0876152120348506 2.66731074150711 3.2129646944575554 246.30785627093445
46.0 2.079957930434417 2.6606238520029017 3.2070707400008494 246.33475873576063
47.0 2.0721802743978324 2.6538175785606772 3.2010566656728083 246.36197444391712
48.0 2.0643257027845117 2.6469352474766934 3.1949659424616437 246.38940349207385
49.0 2.0564243263084143 2.6400068765693687 3.1888286892654754 246.41697639609885
50.0 2.0484969745829815 2.6330532305998213 3.1826657413099317 246.4446283133169
51.0 2.0405580306508537 2.626088647570356 3.1764914855835897 246.47228999691788
52.0 2.0326174049811634 2.619123006893622 3.1703158354303476 246.49999000836382
53.0 2.027032381564801 2.613576876122699 3.164145604319059 246.527712342013
54.0 2.020691848643197 2.608211435429454 3.159584265489325 246.55160711156933
55.0 2.0138404698142116 2.602337602967195 3.1545122771279135 246.57674380890194
56.0 2.0066459858533157 2.596122540315875 3.1490974162678977 246.6027274798618
57.0 1.9992233614887425 2.5896808103178204 3.1434546706833184 246.62928718495826
58.0 1.9916513324872316 2.583090870026456 3.1376627907960586 246.65623700046615
59.0 1.983983766558099 2.576406394123287 3.1317756536794965 246.6834493708149
60.0 1.9762574702655127 2.5696640557849983 3.1258300719562233 246.71083683667285
61.0 1.9684975544981724 2.5628888740183777 3.11985116053252 246.73833948135885
62.0 1.9607211206757829 2.5560978872300884 3.1138560236047015 246.76591629818117
63.0 1.952939791477604 2.549302675148666 3.107856285888958 246.79353925308396
64.0 1.9451614466507283 2.5425110884981565 3.1018598287403005 246.82113840052872
65.0 1.9373914122698208 2.535728433987893 3.0958719796021668 246.8487301718061
66.0 1.9296332745432736 2.5289582851497094 3.0898963259265986 246.87632669581654
67.0 1.9218894359754162 2.522203036436803 3.0839352714016766 246.90392195344617
68.0 1.9141614949281516 2.5154642813617087 3.0779911309771286 246.93151185059347
69.0 1.90645050431752 2.5087430701934745 3.0720653944389125 246.9590936037713
70.0 1.898757147658352 2.502040085323603 3.0661576037758596 246.9866653205064
71.0 1.8910818587060534 2.4953557604336214 3.0602681940169907 247.01422571317795
72.0 1.8834249026423566 2.4886903613549305 3.0543974316091194 247.0417739041403
73.0 1.8757864310853685 2.4820440408545754 3.0485454694353638 247.06930929320322
74.0 1.868166519308015 2.47541687569959 3.042712384038541 247.0968314676492
75.0 1.8605651913792298 2.4688088916932323 3.0368982007662657 247.12434014122434
76.0 1.8529824371317565 2.4622200805668384 3.0311029107358634 247.15183258131552
77.0 1.845418223575299 2.4556504113497675 3.0253264822552066 247.17923928593999
78.0 1.8378725025841034 2.4490998380185243 3.0195688685060413 247.20663187201217
79.0 1.830345216053966 2.4425683046314557 3.013830012702377 247.23401026014886
80.0 1.8228362993580112 2.436055748769413 3.008109851545207 247.2613743880119
81.0 1.8153456836582635 2.4295621038381077 3.0024083175386433 247.28872420459555
82.0 1.8078732974553686 2.423087300608183 2.9967253405330583 247.31605966640495
83.0 1.800419067617638 2.416631268241078 2.991060848758445 247.34338073488507
84.0 1.7929829200668819 2.410193934971264 2.985414769509255 247.3706873747082
85.0 1.7864486734247373 2.4040558813442217 2.9797870295998212 247.3979795526289
86.0 1.7796122169959878 2.3982231399275147 2.974751600186433 247.42374538869632
87.0 1.772584303605521 2.392200690114796 2.969525035356736 247.45004014645588
88.0 1.7654361034782453 2.386060742350019 2.964179927678125 247.47667627398712
89.0 1.7582154317252572 2.379850566397671 2.958763798994832 247.50353062444245
90.0 1.7509544807914932 2.3736010583478913 2.9533077114178297 247.53046155677455
91.0 1.7436735139374335 2.3673323760988434 2.947831931940635 247.5574621633134
92.0 1.7363857242892977 2.361057643908115 2.942349656293531 247.58451199565505
93.0 1.7314182998451404 2.35617543272263 2.9368694545294267 247.61158854500636
94.0 1.7256145445937545 2.351382137332243 2.9328851582540736 247.6346863877358
95.0 1.7192767309147206 2.346058587237419 2.9283670858394846 247.6592290793246
96.0 1.7126004107921045 2.3403992416016206 2.923510813978227 247.6847006132803
97.0 1.7057120485072408 2.334529850760712 2.918442820469464 247.71076699719578
98.0 1.6986933577152632 2.3285316621912537 2.913244826276437 247.73721199861754
99.0 1.6915970714696027 2.3224571050177594 2.907969568422267 247.76389568151185
