0.0 1.95836120012 2.62393975294 3.22009566368 0.0 246.546024244
1.0 1.9580467785 2.62449482502 3.22142742636 0.0 246.555630541
2.0 1.95537256961 2.62269951425 3.22040051718 0.0 246.571020828
3.0 1.95108867686 2.61930108048 3.21776429401 0.0 246.590350706
4.0 1.94570783627 2.61481031899 3.21403139311 0.0 246.612370934
5.0 1.93958127754 2.6095756859 3.2095529749 0.0 246.636230228
6.0 1.9329468158 2.60383356366 3.20456680692 0.0 246.661353767
7.0 1.9259664869 2.5977473786 3.19923489217 0.0 246.687350257
8.0 1.91875565724 2.59143204086 3.19367257306 0.0 246.713940718
9.0 1.91138576853 2.58496626923 3.18795886704 0.0 246.740933688
10.0 1.90390975993 2.57840393789 3.18214785452 0.0 246.768197796
11.0 1.89637335393 2.57178187358 3.17627650446 0.0 246.795642948
12.0 1.88880179223 2.56512521439 3.17037005292 0.0 246.823207408
13.0 1.88121227753 2.55845109179 3.16444569863 0.0 246.85078026
14.0 1.87361651157 2.55177115868 3.15851514061 0.0 246.87839851
15.0 1.86602243642 2.54509332376 3.15258631903 0.0 246.90604474
16.0 1.85843542779 2.53842294007 3.14666460828 0.0 246.93370556
17.0 1.85085911189 2.5317636185 3.14075363366 0.0 246.961371843
18.0 1.84329592395 2.52511778404 3.13485582976 0.0 246.989037373
19.0 1.83574748952 2.51848705548 3.12897282172 0.0 247.016697919
20.0 1.82821488454 2.5118725044 3.12310568515 0.0 247.044350605
21.0 1.82069881239 2.50527483146 3.11725512324 0.0 247.071993474
22.0 1.8131997243 2.4986944863 3.11142158708 0.0 247.099625196
23.0 1.80571790117 2.49213174899 3.10560535745 0.0 247.127244864
24.0 1.7982525636 2.48558621884 3.09980660027 0.0 247.154851857
25.0 1.79079213919 2.4790507522 3.09402477767 0.0 247.18244738
26.0 1.78334093803 2.47252489513 3.08825221318 0.0 247.209997255
27.0 1.77590182189 2.46601149614 3.08249176804 0.0 247.237527616
28.0 1.76847668046 2.45951243619 3.07674533158 0.0 247.265053633
29.0 1.76106675189 2.45302894784 3.0710141417 0.0 247.292571951
30.0 1.75367283834 2.44656182974 3.0652990004 0.0 247.320080317
31.0 1.74629545067 2.44011159068 3.05960041843 0.0 247.34757722
32.0 1.73893490542 2.43367854606 3.05391871223 0.0 247.375061644
33.0 1.73159138975 2.42726288257 3.0482540689 0.0 247.402532901
34.0 1.7242650048 2.42086470132 3.04260658956 0.0 247.429990528
35.0 1.71695579474 2.41448404672 3.03697631834 0.0 247.457434207
36.0 1.70966376598 2.40812092563 3.03136326163 0.0 247.484863719
37.0 1.70238890007 2.40177532018 3.02576740096 0.0 247.512278909
38.0 1.69512576723 2.39544719626 3.02018870156 0.0 247.539679666
39.0 1.68787829225 2.38913650914 3.0146274664 0.0 247.567039164
40.0 1.68064781063 2.38284320722 3.0090857268 0.0 247.594334241
41.0 1.67343426533 2.37656723446 3.0035610021 0.0 247.621614536
42.0 1.66623759649 2.37030853205 2.99805323265 0.0 247.648880007
43.0 1.65905774254 2.36406703947 2.9925623571 0.0 247.676130615
44.0 1.6518946409 2.35784269518 2.98708831307 0.0 247.703366327
45.0 1.64474822842 2.35163543712 2.98163103764 0.0 247.73058711
46.0 1.63761844172 2.34544520298 2.97619046764 0.0 247.757792934
47.0 1.63050521736 2.3392719304 2.97076653986 0.0 247.784983768
48.0 1.62340548851 2.33311460841 2.96535919118 0.0 247.812159582
49.0 1.61631413946 2.32697027962 2.95996643887 0.0 247.839325666
50.0 1.60923406547 2.32083763882 2.95458500455 0.0 247.866490974
51.0 1.60216711354 2.31471852193 2.94921673471 0.0 247.893650289
52.0 1.59511445199 2.30861409037 2.94386279735 0.0 247.920800227
53.0 1.58807681053 2.30252506969 2.93852392193 0.0 247.947882209
54.0 1.58105463584 2.29645190421 2.93320055499 0.0 247.974928722
55.0 1.57404819233 2.2903948571 2.92789296083 0.0 248.001961151
56.0 1.5670576272 2.28435407513 2.92260128657 0.0 248.028978893
57.0 1.56008301249 2.27832963035 2.91732560422 0.0 248.055981547
58.0 1.55312437211 2.27232154705 2.91206593765 0.0 248.082968849
59.0 1.54618169932 2.26632981902 2.90682228006 0.0 248.109940615
60.0 1.53925332253 2.26035442066 2.90159460515 0.0 248.13689672
61.0 1.53233530705 2.25439531413 2.89638287426 0.0 248.16383707
62.0 1.52543310757 2.24845245386 2.89118704099 0.0 248.190761594
63.0 1.51854667261 2.24252578952 2.8860070541 0.0 248.217670238
64.0 1.51167078419 2.23661218767 2.88084285941 0.0 248.244562952
65.0 1.50479974885 2.23070696044 2.87569118437 0.0 248.271448987
66.0 1.49793760725 2.22481111743 2.8705484818 0.0 248.298338501
67.0 1.49108688054 2.21892716126 2.86541727166 0.0 248.325156644
68.0 1.4842491309 2.21305664282 2.86029911544 0.0 248.351952697
69.0 1.47742531631 2.20720051341 2.85519497079 0.0 248.378737128
70.0 1.47061601477 2.20135934721 2.8501054156 0.0 248.405508094
71.0 1.46382156569 2.19553348174 2.8450307893 0.0 248.432264427
72.0 1.45704215902 2.18972310616 2.83997128196 0.0 248.459005381
73.0 1.45027789123 2.18392831693 2.8349269902 0.0 248.485730481
74.0 1.44352880048 2.17814915268 2.82989795241 0.0 248.512439414
75.0 1.43679488866 2.17238561604 2.82488417069 0.0 248.539131974
76.0 1.43007613516 2.16663768736 2.81988562472 0.0 248.565808021
77.0 1.42337250553 2.16090533325 2.81490228027 0.0 248.592467453
78.0 1.41668395679 2.15518851186 2.80993547458 0.0 248.619110196
79.0 1.41001044081 2.14948717625 2.80498535286 0.0 248.645736189
80.0 1.40335190637 2.14380127643 2.80005029949 0.0 248.672345383
81.0 1.39670830045 2.13813076062 2.79513026176 0.0 248.698879923
82.0 1.39007956901 2.13247557605 2.79022518591 0.0 248.725372531
83.0 1.38346379107 2.12683566946 2.78533501771 0.0 248.75184809
84.0 1.37685701379 2.12121098738 2.78045970269 0.0 248.778306564
85.0 1.37026490242 2.11560147634 2.77559918639 0.0 248.804747917
86.0 1.36368740197 2.11000708295 2.77075341442 0.0 248.831172112
87.0 1.35712445765 2.10442775399 2.76592233258 0.0 248.857579116
88.0 1.35057601482 2.09886343646 2.76110588686 0.0 248.883968892
89.0 1.34404201912 2.09331407757 2.75630402347 0.0 248.910341404
90.0 1.33752241638 2.08777962479 2.75151668888 0.0 248.936696618
91.0 1.3310171527 2.08226002585 2.74674382981 0.0 248.963034497
92.0 1.32452617443 2.07675522872 2.74198539323 0.0 248.989355007
93.0 1.31804942817 2.07126518164 2.73724132638 0.0 249.01565811
94.0 1.31158686078 2.06578983312 2.73251157675 0.0 249.041943772
95.0 1.30513841936 2.06032913191 2.72779609209 0.0 249.068194019
96.0 1.29869775822 2.05488110052 2.72309482041 0.0 249.094360315
97.0 1.29226619292 2.04944357399 2.71840400128 0.0 249.120520451
98.0 1.28584576129 2.04401770664 2.71372440811 0.0 249.146671922
99.0 1.27943765584 2.03860467948 2.70905723274 0.0 249.172810891
