0.0 2.6231970483021265 2.9105554452263545 3.1642500718983757 0.39449280386595786 244.267963098522
1.0 2.6347710524026193 2.922902023035388 3.177323523489299 0.3942585790167061 244.26115775490078
2.0 2.6433268308153948 2.9322129943353006 3.187310409997261 0.3942107303048639 244.2591821695496
3.0 2.649159823786457 2.9388031941060726 3.194572850822307 0.39416314496786553 244.26178161564417
4.0 2.652534870159475 2.9429365717780307 3.1993759367966708 0.3941157958175196 244.2684603481124
5.0 2.6536898304488283 2.944851759043727 3.201957748878334 0.39406865903479205 244.2787896643752
6.0 2.6528386996756206 2.9447626026802514 3.2025324757309104 0.39402171366563377 244.29239691422126
7.0 2.6501742941675785 2.9428617941583592 3.201293104430269 0.3939749412064122 244.30895663281618
8.0 2.6458705809182086 2.9393231946600955 3.1984137530625225 0.3939283252607815 244.32818333206671
9.0 2.6400847056217436 2.9343038596659428 3.1940517014617766 0.39388185125390823 244.34982559810712
10.0 2.6329526137420207 2.927943584162364 3.1883491662978023 0.39383550619305235 244.37366122552282
11.0 2.624596838992225 2.920365166405401 3.1814292960070585 0.39378927899973787 244.3995023003062
12.0 2.6151352275682846 2.911682028127009 3.1734031808113685 0.3937431598034692 244.42718270799367
13.0 2.6046745762610186 2.9020009215686993 3.1643777143260636 0.39369713915609006 244.45654437159106
14.0 2.5933117207158216 2.8914186434221336 3.154449819190401 0.39365120856126695 244.48744602214953
15.0 2.5811345027646144 2.8800230012825665 3.143707415582175 0.3936053603657685 244.51976113956638
16.0 2.568222632681721 2.867893675188957 3.132230284494207 0.3935595876656116 244.55337619737304
17.0 2.5546484597790857 2.8551029876341327 3.1200908392142663 0.3935138842246874 244.58818915938764
18.0 2.540477662741408 2.8417165934201076 3.107354816430272 0.39346824440391115 244.6240781021889
19.0 2.5257698694289195 2.827794099066149 3.094081896706193 0.3934226630992897 244.66097356039322
20.0 2.5105792144816355 2.8133896200871926 3.0803262626768237 0.3933771356875765 244.69881519674726
21.0 2.4949548418930787 2.7985522832976386 3.066137102141482 0.3933316579784127 244.73753575676963
22.0 2.4789413587415643 2.7833266803189307 3.0515590622557833 0.3932862261720354 244.7770744942184
23.0 2.4625792454494366 2.767753277648361 3.036632660193551 0.39327366182204826 244.81737652287046
24.0 2.445905227225842 2.751868787949192 3.0213946549583457 0.39327366182204826 244.85839224529963
25.0 2.4289526107808967 2.7357065066292607 3.0058784119520645 0.39327366182204826 244.90004281611897
26.0 2.4117515898768964 2.719296617280624 2.9901143658301117 0.39327366182204826 244.9422937711596
27.0 2.3943295228590236 2.702666221294748 2.9741296474544656 0.39327366182204826 244.98513481015152
28.0 2.376545759034473 2.685753872913423 2.9579490587972637 0.3928110248398519 245.02853303677173
29.0 2.358589592973908 2.66859763172362 2.9414460563196956 0.392765855579816 245.0727311389046
30.0 2.3404812492643576 2.6512899815362987 2.9247913185642123 0.3927207122848726 245.11743213877537
31.0 2.3222390018078745 2.6338491908556745 2.908003141785186 0.3926755933877745 245.16256958494284
32.0 2.3038793464344307 2.6162917508088803 2.891098042872451 0.3926304974728711 245.20813459738403
33.0 2.285417158214227 2.5986325324178936 2.8740909168182145 0.3925854232632826 245.25413691393902
34.0 2.2668658348545057 2.58088492995897 2.8569951802517464 0.39254036960926525 245.3005596322598
35.0 2.248237427419196 2.563060991650512 2.839822902290263 0.3924953354776452 245.34738776681345
36.0 2.2295427594999304 2.5451715387929137 2.822584923824349 0.39245031994221674 245.39459749016856
37.0 2.210791535848554 2.5272262743742515 2.8052909662591348 0.39240532217501023 245.44211778011586
38.0 2.191992441396616 2.5092338820606885 2.7879497306269827 0.39236034143834947 245.49000716909183
39.0 2.173153231482479 2.4912021164043243 2.770568987911984 0.39231537707762315 245.53825697438705
40.0 2.154280814055576 2.473137885021598 2.753155661332487 0.3922704285147088 245.58685980257135
41.0 2.135381324539445 2.455047323435822 2.7357159012821795 0.39222549524198824 245.63580945790343
42.0 2.116460193981472 2.4369358632067284 2.7182551535510533 0.3921805768169056 245.6850177855595
43.0 2.0975222110602 2.4188082939186044 2.700778221399001 0.3921356728570197 245.73455740412388
44.0 2.078571578470824 2.400668819547529 2.683289322003237 0.3920907830355111 245.78443024257635
45.0 2.059611964163996 2.382521109682685 2.665792137755118 0.39204590707710485 245.83463413603434
46.0 2.040646547871545 2.3643683460353366 2.648289862840541 0.3920010447543771 245.88516777461078
47.0 2.0216726319655893 2.346211321264191 2.6307852455003298 0.3919561958844138 245.93594051020935
48.0 2.0026897138599717 2.3280482361042463 2.6132757597158514 0.39191136089878886 245.9870462879548
49.0 1.9837007312257255 2.309879778688243 2.5957608425364866 0.3918665400060079 246.03849734844732
50.0 1.9647081834868878 2.2917084492916895 2.5782430067674227 0.3918217330513644 246.0902938821944
51.0 1.9457141692752151 2.2735363476305364 2.5607243644750217 0.39177693992236573 246.14242691902717
52.0 1.9267204202400154 2.255364934886415 2.543206660844593 0.39173216054606785 246.19481435213797
53.0 1.9077283315319742 2.23719510614813 2.5256913047072103 0.39168739488669696 246.24755082933197
54.0 1.8887389892247037 2.2190287238225466 2.5081793960087984 0.39166075859624183 246.30063947667958
55.0 1.8697531949334578 2.2008665913758967 2.490671750468904 0.39166075859624183 246.35408408910584
56.0 1.8507714878561072 2.1827092499972287 2.4731689216639707 0.39166075859624183 246.40784558127774
57.0 1.83179416444456 2.1645569982504993 2.4556712207397524 0.39166075859624183 246.46190360043303
58.0 1.8128212958943184 2.1464099095445643 2.438178733941638 0.39166075859624183 246.51633106369502
59.0 1.7938527436220602 2.128267847590271 2.4206913381328956 0.39166075859624183 246.57113425282355
60.0 1.774888172882778 2.110130479998807 2.4032087144528407 0.39166075859624183 246.62632005847104
61.0 1.7559270646699614 2.0919972901579564 2.3857303602586213 0.39166075859624183 246.6817979510368
62.0 1.7369687260087237 2.0738675875048362 2.368255599460776 0.39166075859624183 246.73764998037873
63.0 1.7177948122453446 2.055627496930561 2.35078359137486 0.3910544205978892 246.79390701010354
64.0 1.6986300660355 2.0373004553945258 2.3331189593830626 0.39100984728258537 246.8510660132866
65.0 1.679472461227104 2.0189812730868524 2.3154623501220435 0.3909652890742871 246.9085909732338
66.0 1.6603199065295824 2.0006678618238873 2.2978116915980116 0.3909207463969042 246.9664617481435
67.0 1.641170240708835 1.982358063273433 2.2801648426999104 0.39087621969332204 247.0247713106199
68.0 1.6220212274472423 1.9640496437865493 2.262519588109798 0.39083170942664897 247.08353298438175
69.0 1.60287054982998 1.9457402888546473 2.2448736328436625 0.39078721608156186 247.1427464316734
70.0 1.5837158044220956 1.9274275971492782 2.22722459638814 0.3907427401657596 247.2023129458893
71.0 1.5645544948804677 1.9091090740959462 2.209570006373866 0.39069828221153724 247.2623730740059
72.0 1.5453840250566273 1.8907821249341739 2.19190729175161 0.3906538427774926 247.32294285843693
73.0 1.5262016915334087 1.8724440472039652 2.1742337754018353 0.3906094224503795 247.3840391628951
74.0 1.5070046755297135 1.8540920225954614 2.1565466661222965 0.3905650218471244 247.4455355406083
75.0 1.4877900341026904 1.8357231080887575 2.138843049919867 0.3905206416170241 247.50758352046222
76.0 1.4685546905669378 1.8173342263022807 2.121119880527622 0.39047628244414495 247.5702112994606
77.0 1.4492954240387461 1.798922154959396 2.103373969056205 0.390431945049947 247.63343957596908
78.0 1.4300088580094041 1.7804834294278769 2.0856019726844974 0.39038763019615874 247.69713930624937
79.0 1.4106914478172956 1.7620136630263068 2.0678003822606223 0.3903433386879335 247.76146714389907
80.0 1.3913394669004324 1.743510052313283 2.0499655086962383 0.39029907137732056 247.8264616967213
81.0 1.371948991670813 1.7249686685694505 2.0320934679971776 0.39025482916709003 247.89214575212085
82.0 1.3525158848390582 1.70638536809095 2.014180164760671 0.39021061301495696 247.95837355747258
83.0 1.3330357769906223 1.687755773593827 1.9962212739426073 0.39016642393825485 248.02534689764528
84.0 1.3135040461836527 1.6690752536175184 1.978212220667284 0.39012226301911973 248.09309670674966
85.0 1.2939157953112705 1.6503388996590018 1.9601481578253266 0.3900781314102502 248.1616053343898
86.0 1.2742658269078382 1.6315415007219318 1.942023941143219 0.3900478553704354 248.2308133368781
87.0 1.254548615061787 1.6126775149287484 1.9238341013869154 0.3900478553704354 248.30089932810728
88.0 1.2347582740064336 1.5937410377662804 1.9055728132854008 0.3900478553704354 248.3719034751046
89.0 1.214888522911468 1.5747257664763021 1.887233860688821 0.3900478553704354 248.44373080011985
90.0 1.194932646309639 1.5556249600116638 1.8688105974119298 0.3900478553704354 248.51648826032965
91.0 1.1748834494740479 1.5364313938691088 1.8502959030815989 0.3900478553704354 248.59029802193052
92.0 1.1547332079675203 1.51713730899764 1.8316821332192592 0.3900478553704354 248.66516855992737
93.0 1.1344736104132491 1.4977343538151897 1.8129610626178405 0.3900478553704354 248.74101505852803
94.0 1.1140956933613477 1.4782135181872833 1.7941238209003723 0.3900478553704354 248.81808229586915
95.0 1.0935897669090398 1.4585650579890919 1.775160818932955 0.3900478553704354 248.89643828332606
96.0 1.072945329433827 1.4387784085838622 1.7560616644696432 0.3900478553704354 248.9759290198428
97.0 1.0521509694861977 1.4188420852109307 1.7368150650978862 0.3900478553704354 249.05683074811947
98.0 1.0311942524358468 1.3987435678258258 1.7174087161055784 0.3900478553704354 249.1392572288432
99.0 1.0100615889454059 1.3784691673857972 1.6978291703775998 0.3900478553704354 249.22309273705275
