0.0 2.5151463299161834 2.8601715135345747 3.144468564875188 0.38965385319224993 242.1904205852156
1.0 2.518067017192015 2.8629372437393306 3.14704508276229 0.38993148690360474 242.202857417009
2.0 2.52006484986917 2.8649512647880564 3.149058534710658 0.3899346987083503 242.21734468875746
3.0 2.521245427461581 2.8661575056240274 3.150272308220402 0.389936899044 242.23248859701786
4.0 2.5217019255368096 2.866648050383139 3.150777560835985 0.3899382075420329 242.24821185090337
5.0 2.521516633794506 2.8665042383140724 3.1506548214140935 0.38993872801291485 242.26444671916192
6.0 2.52076228698493 2.8657979742368624 3.1499752844682463 0.3899385508128219 242.28113374348237
7.0 2.5195032200673664 2.8645928666666878 3.1488019347338123 0.3899377548006082 242.29822064680297
8.0 2.5177963735551256 2.862945218889613 3.147190526772398 0.3899364089666378 242.31566140274694
9.0 2.5156921706184026 2.8609048940447557 3.145191294152353 0.38993457379682256 242.33341543900772
10.0 2.513236943801295 2.8585168703084665 3.1428475572738512 0.3899323024214246 242.35144695273394
11.0 2.5104746262959825 2.8558231412158124 3.140199092026227 0.38992964340350056 242.36972314404167
12.0 2.507439648500375 2.852860055535161 3.137284055294991 0.3899266427035863 242.38821298129795
13.0 2.504162547383029 2.849657816954872 3.134132364005821 0.3899233359717297 242.40689220744383
14.0 2.500670413515826 2.8462432211796878 3.130770559912092 0.3899197547020555 242.42573934832606
15.0 2.4969858232546844 2.84264004530987 3.1272221950751247 0.38991592674412406 242.44473538313045
16.0 2.4931309119036724 2.8388693914852117 3.1235081721074516 0.3899118767452269 242.46386345618646
17.0 2.4891252951146954 2.8349499904469857 3.119647044761413 0.389907626534158 242.48310862445754
18.0 2.4849857796493566 2.830898469912524 3.1156552836984788 0.3899031954551636 242.5024576359152
19.0 2.480727286538942 2.8267295920123905 3.1115475116392717 0.3898986006593022 242.5218987347117
20.0 2.476363063594493 2.822456463489992 3.1073367115517674 0.38989385735925003 242.54142148967458
21.0 2.4719048736267957 2.818090721891752 3.1030344110698267 0.38988897905261954 242.56101664313857
22.0 2.4673631612363645 2.8136427005706537 3.098650845934059 0.38988397771806244 242.58067597755897
23.0 2.462747200678035 2.80912157497606 3.0941951049015666 0.38987886398777544 242.60039219769405
24.0 2.458065226997476 2.8045354924000594 3.0896752582721456 0.38987364729948826 242.62015882645073
25.0 2.4533245523704306 2.7998916870879222 3.0850984719188688 0.38986833603056287 242.63997011273688
26.0 2.448531669343662 2.7951965823916516 3.0804711084851153 0.3898629376164595 242.65982094987754
27.0 2.4436923424744923 2.79045588144631 3.0757988172129513 0.3898574586555104 242.67970680334474
28.0 2.4388116896895515 2.7856746476747123 3.071086613695629 0.38985190500167644 242.69962364669934
29.0 2.433894254528581 2.780857376273407 3.0663389506958576 0.38984628184673953 242.71956790478797
30.0 2.42894407030381 2.776008057699129 3.0615597810392945 0.38984059379319047 242.73953640335245
31.0 2.423964717086466 2.77113023405737 3.0567526134762346 0.38983484491891185 242.75952632431077
32.0 2.4189593723271043 2.766227049191154 3.0519205623020524 0.3898290388346146 242.77953516606075
33.0 2.413930855824474 2.76130129317709 3.04706639143681 0.38982317873486805 242.79956070823303
34.0 2.4088862922054597 2.7563576669073235 3.0421925535847287 0.38981726744345896 242.81960098038527
35.0 2.403829029723456 2.75140098178978 3.0373052244234056 0.38981131294937466 242.83965090211805
36.0 2.3987603914772966 2.7464333800023484 3.032407308693281 0.3898053188665037 242.85970809898285
37.0 2.393681970392226 2.741456164040779 3.0274999576232275 0.3897992864425261 242.8797716503018
38.0 2.388597130392087 2.736471386173496 3.0225845554685424 0.38979321676691897 242.89984043956963
39.0 2.383506486803284 2.7314811978360454 3.0176640184050942 0.38978711123720766 242.9199120742476
40.0 2.378410585354739 2.7264861386288928 3.012738879925495 0.3897809731785714 242.93998611668658
41.0 2.3733099089364367 2.721486687699531 3.007809615554642 0.38977480300779616 242.96006219263168
42.0 2.3682048846228954 2.716483269024725 3.0028766461999012 0.3897686010734158 242.98013997201565
43.0 2.363095889913777 2.711476257583567 2.9979403442651007 0.38976236766289146 243.0002191640638
44.0 2.3579832582784706 2.7064659848418287 2.9930010390823236 0.38975610300901015 243.02029951293918
45.0 2.3528672840819547 2.7014527436241056 2.9880590217371696 0.38974980729558684 243.04038079387206
46.0 2.3477482269606567 2.6964367924417925 2.9831145493550357 0.38974348066254566 243.06046280971776
47.0 2.3426263157093943 2.6914183593373395 2.978167848908199 0.3897371232104467 243.08054538789716
48.0 2.337501751733768 2.6863976452985923 2.973219120597065 0.3897307350045196 243.100628377676
49.0 2.3323747121163674 2.6813748272910902 2.9682687006646193 0.38972431607825575 243.1207116477472
50.0 2.3272453523396943 2.6763500609507704 2.9633174964185907 0.3897178664366076 243.14079508408204
51.0 2.3221138087040876 2.6713234829749806 2.9583647340258907 0.3897113860588375 243.16087858801959
52.0 2.3169802004745934 2.6662952132453746 2.953410533462974 0.38970487490105343 243.18096207456927
53.0 2.311844631787 2.6612653567125886 2.948454999938335 0.38969833289846634 243.20104547090236
54.0 2.3067071933398897 2.6562340050693054 2.943498225549313 0.38969175996739785 243.2211287150122
55.0 2.3015679638966224 2.6512012382353016 2.9385402907526426 0.3896851560070666 243.2412117545228
56.0 2.2964270116183934 2.6461671256754804 2.933581265669621 0.389678520901176 243.26129454563127
57.0 2.2912843952473283 2.641131727569567 2.9286212112443484 0.38967185451932596 243.2813770521687
58.0 2.2861411061580994 2.636095607446593 2.923660180271531 0.3896651567182663 243.3014592447648
59.0 2.280997571522535 2.631059386572378 2.918699028951763 0.38965842858240834 243.32153658807417
60.0 2.2758536764843393 2.6260231707404453 2.9137381268917895 0.3896516704707703 243.34160931145675
61.0 2.2707093175501636 2.6209868600135025 2.908777376662701 0.38964488203027514 243.36168077767553
62.0 2.265564401284923 2.615950364410762 2.9038166907021408 0.38963806291851166 243.38175107413525
63.0 2.2604188431540875 2.6109136027642266 2.8988559901823288 0.3896312128022577 243.4018202811568
64.0 2.2552725664964095 2.605876501703944 2.8938952040058252 0.3896243313561589 243.42188847279763
65.0 2.2501255016124384 2.6008389947577237 2.888934267914606 0.3896174182615483 243.44195571758192
66.0 2.2449775849558615 2.595801021552491 2.883973123699779 0.3896104732053893 243.4620220791478
67.0 2.239828758416063 2.5907625271058112 2.8790117185005695 0.3896034958793302 243.48208761682378
68.0 2.234678968681657 2.5857234611974618 2.8740500041825587 0.38959648597885715 243.50215238613984
69.0 2.2295281666758764 2.580683777812005 2.8690879367862228 0.3895894432025349 243.52221643928155
70.0 2.2243763070556732 2.5756434346443586 2.8641254760378265 0.38958236725132595 243.5422798254941
71.0 2.2192213889887866 2.57060239266129 2.8591625849156834 0.38957525782797914 243.5623425914404
72.0 2.214065224545199 2.5655606157124966 2.854199229265514 0.3895681146364803 243.58240478151973
73.0 2.2089078780793163 2.560518070185633 2.849235377459293 0.3895609373815581 243.60246643815097
74.0 2.20374931518193 2.55547472470038 2.844271000092746 0.3895537257682388 243.62252760202333
75.0 2.1985895034035323 2.5504305498371145 2.8393060697171055 0.3895464795014443 243.64258831232095
76.0 2.193428412010231 2.5453855178962166 2.8343405606011887 0.389539198285629 243.66264860692047
77.0 2.1882660117672135 2.5403396026845946 2.8293744485204053 0.38953188182445153 243.68270852256833
78.0 2.183102274746606 2.5352927793263302 2.824407710569667 0.3895245298204761 243.7027680950374
79.0 2.177937174156962 2.5302450240946763 2.819440324997396 0.3895171419749014 243.72282735926643
80.0 2.1727706841919234 2.525196314263022 2.814472271058337 0.38950971798731354 243.74288634948522
81.0 2.1676027798958404 2.5201466279726215 2.809503528882946 0.38950225755545986 243.76294509932382
82.0 2.1624335705164306 2.515096016952207 2.8045340793615314 0.3894947603750418 243.7830036419122
83.0 2.1572671950717934 2.5100461762893462 2.799564018496298 0.3894872263355638 243.80306190930366
84.0 2.152103285950425 2.5049990839141194 2.7945969011107135 0.38947965707197385 243.82311681332743
85.0 2.146941368274693 2.4999543689819106 2.7896324084606183 0.3894720557776401 243.84316861535245
86.0 2.141781020037315 2.494911618131735 2.784670133652717 0.38946442176561635 243.86321767886704
87.0 2.1366218659205622 2.489870464212176 2.7797097156413355 0.3894567541948395 243.88326433000523
88.0 2.1314635718916595 2.4848305778946242 2.774750833681338 0.3894490522807237 243.90330886086653
89.0 2.126305830929472 2.4797916580302664 2.7697931934277302 0.38944131528843534 243.92335154151777
90.0 2.12114836475938 2.4747534375961666 2.764836528635624 0.38943354251250223 243.94339261849913
91.0 2.1159909391060903 2.4697156886686003 2.7598806159781355 0.38942573328024427 243.96343230166124
92.0 2.1108333445965335 2.4646782078951968 2.7549257701030947 0.38941788697601065 243.9834707801564
93.0 2.1056753938552686 2.4596408136439467 2.749971894548191 0.3894100030132169 244.00350822495338
94.0 2.1005169189337582 2.454603343467774 2.745018237618756 0.3894020808306175 244.02354479095916
95.0 2.0953577690353407 2.449565651860946 2.7400646574988317 0.3893941198889855 244.04358061889732
96.0 2.090197808501986 2.4445276082738485 2.735111027174531 0.38938611966815306 244.06361583697404
97.0 2.0850369150328176 2.4394890953565045 2.730157232697793 0.38937807966437293 244.0836505623538
98.0 2.079874978107871 2.434450007404586 2.7252031716504117 0.3893699993879658 244.1036849024655
99.0 2.0747118975934127 2.4294102489846203 2.720248751785278 0.3893618783612207 244.1237124325901
