0.0 2.592080930713447 2.914868514955576 3.1756403384695098 0.38686925153271473 241.91037075432766
1.0 2.5899230820620653 2.9138678845528365 3.175517121961803 0.3871484983316246 241.9243322480872
2.0 2.584996916164588 2.9103920058525112 3.1732224055400113 0.38704997874657865 241.94298786014215
3.0 2.577657385280682 2.904496793966044 3.168501501037693 0.38695422110421035 241.96347076111732
4.0 2.568215104416774 2.8964937107694513 3.161666618775115 0.38686090147350993 241.9855511690303
5.0 2.5569425122376184 2.8866559274239574 3.152991563429456 0.38676974791544017 242.00903083741585
6.0 2.544079005251008 2.8752234765062075 3.1427169078327313 0.38668053037591954 242.03373788925043
7.0 2.529835251937597 2.8624075806684033 3.1310543384576914 0.3865930529074664 242.05952267352598
8.0 2.5146827342873186 2.84852510646391 3.1181903331852805 0.38650714761449506 242.08625441006225
9.0 2.498947393935451 2.8339497091479258 3.1045391011942267 0.38642236850907247 242.11362586883052
10.0 2.4827130071926558 2.8188748866465576 3.09038685991308 0.3863384054727582 242.1414240296697
11.0 2.4660535413963056 2.803374737929982 3.075807818978276 0.38625519518159634 242.16959709235195
12.0 2.449034300720112 2.7875150621512486 3.0608674758120404 0.38617268200926513 242.19809919599308
13.0 2.4317124797379526 2.771358078822359 3.0456295397887128 0.3860839649762275 242.22692360634102
14.0 2.414135937710637 2.7549645940735217 3.030175707260351 0.3859532650182886 242.2562127737018
15.0 2.3959370664181256 2.7381690091681357 3.014511486161225 0.38582348604162037 242.285725382425
16.0 2.3771446585223646 2.720815042370269 2.998317789402746 0.3856953422119137 242.31571855439415
17.0 2.35779747838131 2.702935060417506 2.981621112097743 0.38556884318804957 242.34617896256628
18.0 2.337986739621801 2.684590339842794 2.9644565874781663 0.3854439805329762 242.3770861970824
19.0 2.317792572638684 2.6658612419231864 2.946904781440527 0.3853206429601128 242.40838269344664
20.0 2.2972853105432747 2.6468183023216896 2.9290364101731137 0.3851987333165511 242.44001756290922
21.0 2.2767928190647857 2.627645632323923 2.9109134795475957 0.3850781668291841 242.47194580237456
22.0 2.256564515718369 2.6086112260891645 2.8928204850384267 0.3849583211827856 242.50393739940762
23.0 2.2365809655123687 2.5898224173093864 2.874972730831774 0.38483869196685055 242.53581376523877
24.0 2.216816949372464 2.5712568814957133 2.857353112318302 0.38471931152380096 242.56758617245487
25.0 2.1972580072790486 2.5528812622583232 2.839903595537275 0.3846388901662045 242.59906593889846
26.0 2.177891576107636 2.5346962243367783 2.8226408421259475 0.38456508743604384 242.63043029406705
27.0 2.1587063551333645 2.5166931736212095 2.8055595923535983 0.38449149471822985 242.661720411959
28.0 2.1396923215415273 2.4988620744562504 2.7886497878737075 0.38441812651268104 242.69294292558746
29.0 2.120498131782386 2.481033599842331 2.7719025034261873 0.38434499644439296 242.72410368428234
30.0 2.1010455427882873 2.463011298332454 2.7550163113451647 0.3842726216271959 242.75546469617305
31.0 2.081390077505098 2.444786028782033 2.7379248449045672 0.38420114716711423 242.78708757569805
32.0 2.06157981854566 2.426405993761882 2.7206764413189877 0.38413052400845205 242.8189338429787
33.0 2.0416563411949573 2.407912872275569 2.7033128970921507 0.38406071017832116 242.85096984852382
34.0 2.021655531709006 2.3893426401233073 2.685870290384952 0.38399166995332823 242.8831479020944
35.0 2.00189398242118 2.370857888780809 2.668379702765395 0.3839233731436244 242.91543493631224
36.0 1.982539947747604 2.3526812677329807 2.651111086321655 0.3838553225880154 242.94761279909685
37.0 1.9635493472951964 2.334869122578861 2.6342070196911194 0.38378723055448444 242.97954828821932
38.0 1.9448838818990126 2.317383104254204 2.6176290570567153 0.38371915140563995 243.01127125960227
39.0 1.9265103105034265 2.300189929312394 2.6013438282218995 0.3836511344260344 243.04280778926127
40.0 1.9083998088726037 2.2832607376036522 2.585322395370452 0.38358322429812797 243.0741806072828
41.0 1.8904959535335857 2.2665558159033274 2.5695396842566063 0.38351546155794963 243.10540733925458
42.0 1.872771894701203 2.250036963478274 2.553947380277938 0.38344794123341797 243.13649227941838
43.0 1.855214830642777 2.2336859174631485 2.538522362091449 0.3833807099816263 243.16749497264686
44.0 1.8376156256123048 2.2173985673021805 2.523253461520353 0.3833137909799472 243.19842395123803
45.0 1.8197261548132542 2.2009650905359726 2.507964013111112 0.38324759349061105 243.22944613573662
46.0 1.8016103294319736 2.184305223240115 2.4924452806881945 0.38318263597653224 243.2607632500086
47.0 1.7833225288689156 2.1674734734014534 2.476751979907295 0.3831188418607199 243.29232707104313
48.0 1.7649089503429076 2.1505161468548817 2.4609305943677846 0.38305614704947255 243.32409620908425
49.0 1.74640877027845 2.1334725115563877 2.4450205438838744 0.3829944982675685 243.35601732638338
50.0 1.7282855587036636 2.116574545392114 2.429055190485618 0.382933851653716 243.38804806435414
51.0 1.7105403834845898 2.100030919370635 2.4134230842135898 0.382873219190688 243.4198352128876
52.0 1.693127228758337 2.0838202970957904 2.398124138029527 0.38281257272632374 243.45137359711893
53.0 1.6760068552216831 2.0679034009210198 2.3831189364465852 0.38275199134105653 243.48269741704797
54.0 1.6591458377504003 2.0522467741870045 2.368373901733672 0.3826915457337413 243.51383595618245
55.0 1.6425157298412367 2.0368219445427536 2.353860455306344 0.3826312991759466 243.54481423787593
56.0 1.6260923402506495 2.0216046996335697 2.3395542916456704 0.3825713083974828 243.57565360411655
57.0 1.6098551084010015 2.0065744617028183 2.325434751293629 0.3825116243991462 243.606339941936
58.0 1.593786566358667 1.991713748891055 2.311484280704897 0.38245229319209223 243.63690827088897
59.0 1.5778718764077548 1.9770077122378782 2.2976879679530176 0.38239335646563694 243.66738446074194
60.0 1.5618577701070684 1.9623305449360857 2.2840331444594137 0.38233485218686997 243.69777956785114
61.0 1.5455617105555608 1.9474858296858446 2.2703098047423027 0.3822774658971225 243.72831047651965
62.0 1.529049841102264 1.93242542072763 2.2563673814542846 0.38222174402471015 243.7591365154655
63.0 1.5123773062836288 1.917204575877963 2.2422614155348253 0.3821675769326127 243.79020344385822
64.0 1.495590004676847 1.9018692863719011 2.228038135124431 0.3821148754150522 243.82146566868397
65.0 1.4789179478822625 1.8865468543460038 2.2137359433739103 0.3820635676644246 243.85285219382803
66.0 1.4625889061692707 1.8714476707897982 2.1995488663284037 0.3820094497670762 243.8842001941209
67.0 1.4465622427238656 1.8566633476220549 2.1856924086963088 0.3819283138279207 243.91547764017093
68.0 1.4307985834921453 1.8421428677531386 2.172099766105171 0.3818474548571337 243.94654188172507
69.0 1.415264998599425 1.8278532559506857 2.158737774128485 0.3817670330537006 243.97742422272088
70.0 1.3999339685132193 1.813766954218353 2.1455787111394895 0.38168719031718457 244.0081508643937
71.0 1.3847825075683895 1.7998609440841264 2.1325994170316283 0.3816080527969607 244.03874369099773
72.0 1.3697914227666386 1.7861160043581785 2.1197805478249574 0.3815297331735129 244.06922094308126
73.0 1.354944688411711 1.7725160848926707 2.107105946660155 0.3814523326844055 244.09956574084077
74.0 1.3402289195959953 1.759047779333937 2.094562114136393 0.3813759429125631 244.1298064341585
75.0 1.3256329297881084 1.7456998820946354 2.082137763185404 0.381300647357125 244.15996977979438
76.0 1.311057661726743 1.7324207575723571 2.0698234456830082 0.38122652280811287 244.19006436286276
77.0 1.2961341551323529 1.718994115932931 2.0575381183041492 0.3811541853819779 244.22017786127904
78.0 1.2809457972649678 1.7053016402656431 2.0449812909571823 0.3810859808420665 244.25064244163823
79.0 1.265560604732334 1.6914115439856867 2.0322217282872246 0.38102159314330397 244.2813854417365
80.0 1.2500339609682227 1.6773793649363324 2.019315416975601 0.38096077180594895 244.3123471193457
81.0 1.234751004593149 1.6634078809663588 2.006307845362853 0.38090332092590845 244.34345982615247
82.0 1.2198119168881956 1.6497096719658249 1.9935116085630598 0.380846765773279 244.37435629776792
83.0 1.2051633354459097 1.6363026712535447 1.9810070299562765 0.3807903762519625 244.40497765661092
84.0 1.1907615725848617 1.6231431734186095 1.9687500370382292 0.3807344526930698 244.43536929585107
85.0 1.1765709693306694 1.6101954762013824 1.9567046440725049 0.38067925659628715 244.4655683018441
86.0 1.1625610583099901 1.5974291745409952 1.9448414074103195 0.3806250160440247 244.4956050020282
87.0 1.1487033408305884 1.5848129632270298 1.9331256466339375 0.38057898830865905 244.525455651304
88.0 1.1349748323646522 1.5723216017521533 1.9215267795856474 0.38054651356034597 244.55510780404242
89.0 1.1213616384988214 1.559946259550032 1.9100431188010256 0.38051500919783454 244.5846708340147
90.0 1.1078524070085294 1.5476755803416524 1.8986632131273025 0.38048455796907144 244.61411560075402
91.0 1.0944067618866826 1.53548568657079 1.887377690275802 0.3804552359128551 244.64348376064186
92.0 1.081012345903231 1.5233537123915963 1.8761540563249914 0.3804272817955258 244.67282144620182
93.0 1.0676705289114992 1.5112750410359066 1.8649822902120001 0.3804008007718898 244.70213957727177
94.0 1.0539694547922964 1.4990561729603833 1.8538633397042343 0.38037582811288495 244.73143602239352
95.0 1.0399569495650818 1.4865482972902593 1.8424695031571132 0.38035480268501726 244.7611059763992
96.0 1.0257146443135137 1.4738103603684458 1.8308397267647403 0.38033766944560216 244.79110566211494
97.0 1.0113074339334451 1.4609073486756838 1.8190396144328047 0.38032415512934215 244.8213580476905
98.0 0.9971829507559095 1.4480744432776016 1.8071212034446407 0.3803140552156579 244.85180138064766
99.0 0.983358600350264 1.435507719606754 1.7954392329616349 0.3803046542135215 244.8819489566587
