0.0 2.27639167067 2.65283931356 2.96057182442 0.391987903226 244.215241225
1.0 2.27440940662 2.65200739513 2.96056292029 0.392220484879 244.228474606
2.0 2.27016474122 2.64894841306 2.95843853931 0.392062281628 244.246883608
3.0 2.26322788797 2.64372154406 2.9544210954 0.391909259832 244.267218812
4.0 2.2548744295 2.63651649917 2.9481325999 0.391776931087 244.289762018
5.0 2.24534290664 2.62810944311 2.94061676696 0.391687643398 244.313263682
6.0 2.23469278526 2.61865693009 2.93212039686 0.391600217382 244.337788163
7.0 2.22286557535 2.60815921009 2.9226939975 0.391514477493 244.363291875
8.0 2.21007668351 2.59669015515 2.91229007133 0.391430478854 244.389833328
9.0 2.19650618436 2.58443111856 2.90109059748 0.391348111716 244.417231315
10.0 2.18230385452 2.57153301276 2.88924710099 0.391267139988 244.445336147
11.0 2.16759425346 2.55812133903 2.87688559314 0.391187367717 244.47402323
12.0 2.15248093181 2.54430042897 2.86411083044 0.391108631992 244.503188764
13.0 2.13704992626 2.53015696659 2.8510098509 0.391030797153 244.532746221
14.0 2.1216556085 2.51589123345 2.83765491668 0.390953750126 244.562623451
15.0 2.10643090504 2.50172514161 2.82434126287 0.390877130826 244.592490542
16.0 2.09135847308 2.48771074829 2.81117844868 0.390800612522 244.622221884
17.0 2.07642328198 2.47383299517 2.79815133492 0.390724131389 244.651857626
18.0 2.06161298296 2.46007943073 2.78524741452 0.390647709291 244.681409796
19.0 2.04691727961 2.44643966921 2.77245625305 0.39057136463 244.710888403
20.0 2.03228395124 2.43288491792 2.75976914415 0.390495113141 244.740301762
21.0 2.01731708155 2.41920798634 2.74714271346 0.390419012176 244.769696582
22.0 2.00209192387 2.40526806267 2.73424967288 0.390343498753 244.799434587
23.0 1.98667190265 2.39112891843 2.72115389654 0.390268766494 244.829446948
24.0 1.97110914762 2.37684309656 2.70790817378 0.390194722603 244.859678477
25.0 1.95544645052 2.36245372556 2.6945558355 0.390121290173 244.89005563
26.0 1.93971888812 2.34799615515 2.68113239689 0.390048405719 244.920550969
27.0 1.9239551675 2.33349931231 2.66766691947 0.389976016931 244.951150465
28.0 1.90854838472 2.31915534903 2.65418313989 0.389904080808 244.981828505
29.0 1.89348434383 2.30513381736 2.64100402406 0.389832141784 245.012217809
30.0 1.87871150708 2.29140390927 2.6281162332 0.389759939618 245.042331591
31.0 1.86418746778 2.27792287775 2.6154768286 0.389687527882 245.072215172
32.0 1.84987748484 2.26465568639 2.60305059811 0.389614977998 245.101905638
33.0 1.83575312551 2.25157365372 2.59080871141 0.389542349713 245.131433438
34.0 1.8217910799 2.23865362349 2.57872758276 0.389469692962 245.160817703
35.0 1.80792119014 2.22585843679 2.56679210503 0.389393955655 245.190069045
36.0 1.79380725865 2.2130192078 2.55499571543 0.389278095686 245.219553132
37.0 1.77951190445 2.19999356333 2.54300894057 0.389163094239 245.249307293
38.0 1.76508730442 2.18683390988 2.53088417339 0.389049328802 245.279269066
39.0 1.75057561872 2.17358282003 2.51866427059 0.38893665205 245.30939093
40.0 1.73601085891 2.16027463519 2.50638380333 0.388824943508 245.339634243
41.0 1.72142041495 2.14693700703 2.49407060768 0.388714105482 245.369967595
42.0 1.70708220194 2.13370948346 2.48174705062 0.388604058969 245.400365469
43.0 1.69311316319 2.12076811153 2.46963884911 0.388494175815 245.430558013
44.0 1.67943028096 2.10812553511 2.45783986067 0.388383838034 245.46040737
45.0 1.66597510886 2.09571795967 2.4462818201 0.38827305454 245.48999611
46.0 1.65271440976 2.08350433239 2.43491695615 0.388162036701 245.519400542
47.0 1.63962144745 2.07145761599 2.42371802319 0.388050916562 245.548650627
48.0 1.62667469446 2.05955648444 2.41266308438 0.387939784793 245.57777066
49.0 1.61385813035 2.0477854371 2.40173579947 0.387828716044 245.606778541
50.0 1.60036296603 2.03585787341 2.3909251019 0.387717766501 245.635686045
51.0 1.586733479 2.02346796303 2.37955644213 0.387621854527 245.665204811
52.0 1.57300829837 2.01096333082 2.36805027689 0.387554903966 245.694680348
53.0 1.55922471476 1.99839562405 2.35647711404 0.387488713007 245.724285399
54.0 1.54541214162 1.98579458019 2.34486693804 0.387423167268 245.753961813
55.0 1.53159384042 1.97318369773 2.33324342308 0.387358203299 245.783675897
56.0 1.5177881679 1.96058151399 2.32162524292 0.387293770883 245.813431621
57.0 1.50439007915 1.94817804134 2.31002708802 0.387229830464 245.84321073
58.0 1.49134010829 1.936116302 2.29876464128 0.387165694131 245.872610475
59.0 1.47857616334 1.92434099771 2.28778860845 0.387101085383 245.901692505
60.0 1.46604907143 1.91280237864 2.27704884091 0.387036141097 245.930516837
61.0 1.45371998409 1.90146112261 2.26650568508 0.38697098464 245.959130954
62.0 1.44155824613 1.89028618829 2.25612782963 0.386905715638 245.98757243
63.0 1.42953969338 1.87925309583 2.24589057447 0.386840414484 246.015870939
64.0 1.41764529582 1.86834255621 2.23577445048 0.386775146053 246.044044229
65.0 1.40586007818 1.85753937435 2.22576412109 0.386709962737 246.072076614
66.0 1.39417224491 1.84683152078 2.21584749132 0.386644906911 246.100022452
67.0 1.38224218909 1.83605361971 2.20601487183 0.38658001299 246.127893251
68.0 1.37009612869 1.82507564765 2.19599723511 0.386515963069 246.156042836
69.0 1.35775781767 1.81392063518 2.18581662165 0.386453078921 246.184441436
70.0 1.3452809695 1.80262398878 2.17549224113 0.386391322185 246.21306626
71.0 1.33271483807 1.79123158943 2.16506692031 0.3863305936 246.241862654
72.0 1.32021244734 1.77983540386 2.15457974701 0.386270765257 246.270780473
73.0 1.30805276538 1.76862970295 2.14415149273 0.386211481089 246.299658979
74.0 1.29617106188 1.75770224671 2.1340014584 0.386151974594 246.328203195
75.0 1.2845160682 1.7470011321 2.12407738599 0.386092067654 246.356471685
76.0 1.27304807675 1.73648605102 2.11433852628 0.386031919144 246.384491027
77.0 1.26173637475 1.72612580973 2.10475333329 0.385971655306 246.412338174
78.0 1.25055723419 1.71589629387 2.09529741117 0.385911376136 246.440043991
79.0 1.23949234177 1.70577887847 2.08595190945 0.385851160865 246.467632307
80.0 1.22852757516 1.69575918828 2.07670227157 0.385791072355 246.495121479
81.0 1.21765205086 1.68582613296 2.0675372607 0.385731160587 246.522525612
82.0 1.20685738472 1.67597115765 2.05844820282 0.385671465444 246.549855519
83.0 1.1960552052 1.66614873552 2.04942839953 0.385612018904 246.57711946
84.0 1.18497409773 1.65619347361 2.04040870741 0.385553054867 246.604412607
85.0 1.17369830775 1.64603402728 2.03117756145 0.385495390425 246.632028883
86.0 1.16229305704 1.63573655915 2.02180173017 0.38543918197 246.65987439
87.0 1.15080780833 1.62535140545 2.01233224642 0.385384201079 246.687851782
88.0 1.13931085789 1.61493107904 2.00280774355 0.38533027307 246.715916042
89.0 1.12816482768 1.60467694489 1.99328138632 0.38527717914 246.744014699
90.0 1.11731902914 1.59473255825 1.98407815557 0.385198172294 246.771961187
91.0 1.10671755145 1.58503458932 1.97512494222 0.385112107814 246.799658779
92.0 1.09631289067 1.5755328022 1.9663675854 0.385025375813 246.827115219
93.0 1.08606905209 1.56619044149 1.95776873832 0.384938289616 246.854379132
94.0 1.07593621594 1.55696894891 1.94930010069 0.384851082481 246.881487461
95.0 1.06588783988 1.54783519318 1.94092272065 0.384764043674 246.908492836
96.0 1.05591391656 1.5387743997 1.93261582231 0.384677396375 246.935422441
97.0 1.04601025581 1.52978030418 1.92437299369 0.384591234042 246.962283912
98.0 1.03617229315 1.52084930234 1.91618938942 0.384505604585 246.989083165
99.0 1.02639971138 1.51198113185 1.90806461157 0.38442054644 247.015785722
