0.0 3.364663768792295 2.3801111685927037 2.8826343126661347 244.8277383929168
1.0 3.391439082305854 2.4052492410929043 2.908620581628391 244.78576543528072
2.0 3.4089571322166354 2.421134683520828 2.925362080051169 244.76364536474713
3.0 3.4198139137440102 2.430361944214799 2.9354512591247826 244.7554808605725
4.0 3.4258467449588856 2.43476731099325 2.940722994669517 244.75722617841313
5.0 3.42837201840728 2.4356664759478637 2.942491960955573 244.76608616127825
6.0 3.4283410032904675 2.4340102251076474 2.9417081987566247 244.78009300024766
7.0 3.426445198267494 2.4304897204722518 2.939062317850056 244.79784233809136
8.0 3.423189287667774 2.425609410198658 2.935058353648211 244.81832207530766
9.0 3.418942575963612 2.419738432338134 2.930065133870596 244.8407977275951
10.0 3.413975734606817 2.4131473407434885 2.924352978161349 244.8647336995594
11.0 3.408487312089099 2.4060346006681415 2.9181201746560363 244.88973815515445
12.0 3.402622993177388 2.3985458379043534 2.9115122151150343 244.91552383136448
13.0 3.3964896594452956 2.3907878922135657 2.9046358379194124 244.94187987093414
14.0 3.3901656887874037 2.3828391118229577 2.897569314722208 244.96865140855414
15.0 3.38370851629418 2.37475691074487 2.8903700018318115 244.99572468876966
16.0 3.3771601918247653 2.3665833238268075 2.8830798907519295 245.02301617198236
17.0 3.370551467635409 2.3583490925895445 2.875729690584602 245.0504645379
18.0 3.363904805283761 2.3500766708617222 2.8683418310453392 245.0780248057176
19.0 3.3572365870599326 2.341782435311723 2.8609326709968963 245.105664006619
20.0 3.3505587415997824 2.3334781059288856 2.853514121903479 245.13335799758042
21.0 3.343879938053904 2.325171148225116 2.846094840390934 245.16107905416456
22.0 3.337206462595906 2.316869241059011 2.838681103556818 245.1887775011725
23.0 3.330542861171426 2.3085769274808805 2.8312774508275576 245.21649044810465
24.0 3.323892410353464 2.300297481748124 2.8238871541505657 245.2442110542351
25.0 3.3172574619053985 2.2925831271534602 2.816838427286367 245.27193433480662
26.0 3.3110331497776637 2.2847152435927383 2.8098656228876204 245.29882203000872
27.0 3.3047058858665075 2.2767427548213086 2.8027888734846536 245.32596157572786
28.0 3.2983096728066643 2.2687009819331183 2.7956434560794827 245.35328000947692
29.0 3.2918699044196873 2.26061539344581 2.788454806813665 245.38072450793075
30.0 3.285404929320464 2.2525043271298038 2.781241239844916 245.40825685854134
31.0 3.2789279370572504 2.244380964663366 2.7740159197798193 245.4358494432613
32.0 3.2724483906299384 2.2364657808148913 2.766858856263032 245.46348232069536
33.0 3.2661228049432354 2.2284811393737067 2.7597810294663203 245.4908156846492
34.0 3.259753889752585 2.220452931740073 2.7526602227020405 245.51823141568255
35.0 3.2533601844699014 2.212399684743754 2.745514937223313 245.54572155508026
36.0 3.246954932757919 2.2043346329847258 2.738358389246272 245.57327108702054
37.0 3.2405475767557728 2.1962672120035065 2.73120000124992 245.6008598553628
38.0 3.2341448327589917 2.188204133218504 2.724046475524154 245.6284734120754
39.0 3.2277514648299848 2.180150157014719 2.7169025662277617 245.65610141155807
40.0 3.2213708405682593 2.172108648147904 2.7097716340290896 245.68373645339156
41.0 3.215005329927315 2.164081974305181 2.702656044101955 245.7113732490781
42.0 3.2086565910636944 2.1560717917750147 2.695557451378659 245.73900802270197
43.0 3.202325774966961 2.1480792499523 2.6884770047477207 245.76663808032902
44.0 3.196013671764928 2.140105137556717 2.6814154930460825 245.79426150100488
45.0 3.1897208151956353 2.132149987044347 2.6743734493046203 245.82187691528392
46.0 3.183447557111684 2.1242141490702577 2.6673512250889346 245.8494509011358
47.0 3.1771941205442986 2.1162978455236647 2.660349043445382 245.87698547649055
48.0 3.170960637447547 2.1084012072522347 2.6533670365598456 245.90450970128546
49.0 3.164747175509212 2.1005243008592718 2.646405272509168 245.93202322007687
50.0 3.158553757174731 2.092667147718244 2.6394637742385303 245.95952577677735
51.0 3.1523803731189197 2.084829737438059 2.632542533003377 245.98701718559596
52.0 3.1462269917811874 2.077012037393885 2.6256415178816055 246.01449731038912
53.0 3.140093566101446 2.069213999460037 2.618760682493293 246.04196605001718
54.0 3.133980038272545 2.0614355647603535 2.6118999697415815 246.06942332797092
55.0 3.127886343088488 2.0536766670149955 2.605059315152648 246.096869085034
56.0 3.121812410299936 2.0459372348949962 2.5982386492253298 246.12430327409885
57.0 3.115758166268714 2.0382171936760813 2.5914378990814577 246.15172585650947
58.0 3.1097235351281496 2.0305164663985398 2.5846569896232086 246.17912608126733
59.0 3.1037084395953833 2.022834974679202 2.577895844343323 246.20646120525197
60.0 3.0977128015389908 2.015172639278804 2.5711543858912194 246.23378447067313
61.0 3.09173654237477 2.0075293804976013 2.5644325364677325 246.26109585338986
62.0 3.0857795833410586 2.000445852929809 2.5580500270378894 246.2883953305231
63.0 3.080210631050735 1.993195556155122 2.551726540216512 246.31480739529417
64.0 3.0745333553351974 1.9858366523413398 2.5452953706117687 246.34150524428247
65.0 3.068787794345958 1.9784091717232657 2.538796434773688 246.36839595800652
66.0 3.0630014661443887 1.970940627120586 2.532257166453212 246.39541542644483
67.0 3.057193253525736 1.9634498977523136 2.525696390126929 246.4225194571691
68.0 3.051376089775648 1.955949914349462 2.5191269988648135 246.44967761880267
69.0 3.0455588139262 1.9484495140041203 2.5125578040820287 246.47686897894332
70.0 3.039747451034151 1.9411553327255051 2.506060530220368 246.50407915516735
71.0 3.034081419123983 1.9337941968932888 2.499638905025866 246.53094440806325
72.0 3.028376146656941 1.9263935499402876 2.4931785032517295 246.55789556480497
73.0 3.0226503117125154 1.918972064514395 2.4866979399169784 246.58492855204446
74.0 3.0169165985502127 1.9115424210793646 2.480209856174161 246.61201307159644
75.0 3.0111836015283138 1.9041132112317576 2.473722817040647 246.639128458963
76.0 3.0054571278742244 1.8966902400845669 2.467242609889528 246.66626063613595
77.0 2.9997410880623345 1.889277416397938 2.460773131870307 246.69340002274913
78.0 2.994038103569994 1.881877360178397 2.4543169956237456 246.7205401056953
79.0 2.9883499211687043 1.8744918168713336 2.447875942165881 246.74767646080537
80.0 2.982677694947238 1.8671219393225664 2.4414511219423485 246.7748060845765
81.0 2.9770221780252712 1.85976847945396 2.4350432858759077 246.80192693830082
82.0 2.971383852690178 1.8524319183770352 2.4286529150459226 246.82903763751764
83.0 2.965763350142583 1.8451125545894074 2.4222803085851603 246.85613724076262
84.0 2.960161949550945 1.837808460990812 2.415925643169191 246.88318165466063
85.0 2.954578319277441 1.8305217609750095 2.4095890132201605 246.9101883536958
86.0 2.9490124981832637 1.8232525474806895 2.4032704580362734 246.93718240787027
87.0 2.9434644881334653 1.8160008210610752 2.3969699800727984 246.96416360646765
88.0 2.937934266347528 1.808766557623474 2.390687557241397 246.9911317999426
89.0 2.932421793689928 1.8015497167161996 2.384423151169695 247.01808687975677
90.0 2.9269270202352673 1.7943502470913708 2.3781767127436404 247.04502876479253
91.0 2.9214498889940765 1.7871680904291969 2.3719481858182183 247.07195739222215
92.0 2.9159903384038866 1.7800031838269317 2.3657375096976385 247.09887271137902
93.0 2.910548303991222 1.7728554614645946 2.359544620793119 247.1257746796519
94.0 2.905123719481799 1.7657248557081682 2.353369453724433 247.15266325973005
95.0 2.899716517534503 1.7586112978476052 2.347211942053433 247.1795384177734
96.0 2.8943266302313226 1.7515147185854592 2.341072018771233 247.20640012218425
97.0 2.888953989400951 1.7444350483602766 2.3349496166203827 247.2331957762183
98.0 2.8835985268323547 1.737372217560025 2.3288446683075095 247.25995953299088
99.0 2.8782601744152405 1.7308615339744282 2.3230728433762207 247.28670959276707
