0.0 2.9271188428648256 3.3313029584655496 3.7252513206540363 244.38471195408897
1.0 2.9272405560464096 3.3321819311898926 3.7267911684667046 244.38233394862834
2.0 2.925919188859747 3.3316154883939886 3.7268870608308733 244.38218593365565
3.0 2.923461640703372 3.3299110690082956 3.725846082717708 244.3837931950785
4.0 2.920109947120737 3.327311128420613 3.723910415004775 244.38678452427035
5.0 2.916055252887743 3.324007139241974 3.721271316686994 244.3908685309352
6.0 2.9114486524412033 3.3201504525579 3.7180799722025824 244.39581581404337
7.0 2.9064096491256413 3.3158607730112655 3.714455955951705 244.4014453842524
8.0 2.901032786374518 3.3112328021327775 3.7104938675431485 244.40761422451467
9.0 2.895392864088767 3.3063414641053286 3.706268551330537 244.41420920106694
10.0 2.88954905294372 3.30124602736169 3.701839213185948 244.42114075663238
11.0 2.8835481458212144 3.2959933617041317 3.69725267386759 244.42833796903088
12.0 2.8774271309424413 3.2906205158885076 3.69254594367678 244.43574466481112
13.0 2.8712152301567726 3.2851567594052846 3.6877482619501203 244.44331635372802
14.0 2.864935514528522 3.2796252008108775 3.6828827135981053 244.45101780541455
15.0 2.858606185286441 3.274044070836876 3.677967510808703 244.4588211306756
16.0 2.8522415895393283 3.268427739806506 3.6730170093608994 244.46670426064722
17.0 2.845853025602498 3.2627875243011735 3.668042514425552 244.474649740456
18.0 2.8394493813627064 3.2571323265814387 3.663052919306835 244.4826324284999
19.0 2.83303764011861 3.251469141259621 3.6580552115815177 244.49063323676884
20.0 2.826623281231576 3.245803456606273 3.653054873987021 244.49866289268056
21.0 2.8202105972980673 3.240139572238889 3.6480562017819276 244.50671463001254
22.0 2.8138029450934283 3.23448085047218 3.6430625538390644 244.5147831134169
23.0 2.8074029439937944 3.2288299150598156 3.63807655118576 244.52286413864314
24.0 2.8010126327664495 3.2231888082362343 3.633100233887962 244.53095439497588
25.0 2.7946335933790065 3.217559114723434 3.628135184933673 244.53905127708134
26.0 2.788267048696199 3.2119420595829373 3.623182627988544 244.54715273607815
27.0 2.7819139395158667 3.2063385853735094 3.6182435044783237 244.55525716173173
28.0 2.775574985268641 3.200749412946302 3.613318534325282 244.56336328933224
29.0 2.769250731809716 3.195175089311397 3.608408263769008 244.57147012613578
30.0 2.762941589018947 3.18961602529646 3.6035131029894254 244.57957689330107
31.0 2.7566478603600246 3.184072525151661 3.598633355683995 244.58768298009215
32.0 2.750369766100121 3.178544809805117 3.5937692423016117 244.5957859567767
33.0 2.744107461535418 3.1730330351163523 3.5889209182793462 244.6038569122752
34.0 2.7378610512853467 3.1675373061923207 3.5840884883455 244.61192595997016
35.0 2.7316306004945625 3.1620576886063683 3.579272017728496 244.61999287039492
36.0 2.7254161436045723 3.1565942171830876 3.574471540933978 244.62805746368863
37.0 2.7192176912166883 3.1511469028715697 3.569687068612032 244.63611959878574
38.0 2.71303523545726 3.145715738118618 3.5649185929257547 244.64417916493588
39.0 2.706868754168507 3.1403007010658133 3.56016609174474 244.6522360750563
40.0 2.7007182141792705 3.1349017588250785 3.5554295319178792 244.66029026052553
41.0 2.6945835738555153 3.12951887003292 3.5507088718254622 244.66834166710927
42.0 2.688464785087413 3.1241519868403977 3.5460040633675294 244.67639025177394
43.0 2.6823617948360368 3.118801056462081 3.5413150535115627 244.68443598019743
44.0 2.6762745463362236 3.113466022380626 3.5366417854960934 244.6924788248258
45.0 2.67020298003106 3.108146825282602 3.531984199765799 244.70051876335702
46.0 2.664147034297161 3.1028434037848025 3.527342234697237 244.70855577755958
47.0 2.6581066460069396 3.097555694997324 3.5227158271615076 244.7165725806242
48.0 2.6520817509640073 3.0922836349595633 3.5181049129599002 244.72457016815486
49.0 2.6460722842399225 3.087027158977439 3.5135094271608778 244.73256471798058
50.0 2.640078180434213 3.081786201883791 3.5089293043602794 244.7405562207777
51.0 2.6340993738748777 3.0765606982391445 3.5043644788819397 244.74854466832747
52.0 2.6281357987727008 3.071350582486243 3.499814884932105 244.75653005325694
53.0 2.622187389339742 3.0661557890687106 3.4952804567180196 244.76451236883779
54.0 2.616254079880097 3.0609762525219284 3.4907611285387397 244.772491608831
55.0 2.6103358048592353 3.0558119075424646 3.486256834854498 244.78046776736633
56.0 2.6044324989567063 3.0506626890408626 3.4817675103394787 244.7884408388495
57.0 2.5985440971060187 3.0455285321815846 3.47729308992172 244.79641081789026
58.0 2.592670534524715 3.0404093724131007 3.472833508813186 244.80437769924703
59.0 2.586811471464893 3.0353051454903186 3.468388702532175 244.81234147778446
60.0 2.580966330457488 3.0302157874911346 3.463958606919874 244.82030214844028
61.0 2.575135834921421 3.025141234828473 3.4595431581523743 244.82825970620027
62.0 2.5693199213779145 3.020081424258857 3.4551422927492403 244.83619207106682
63.0 2.563518526697603 3.0150362928883188 3.450755947579419 244.84410879605485
64.0 2.557731588104359 3.0100057781762515 3.4463840598650877 244.8520223194912
65.0 2.5519590431776007 3.0049898179377097 3.4420265671839467 244.85993263639415
66.0 2.5462008298534298 2.999988350344546 3.4376834074703577 244.86783974176967
67.0 2.540456886424785 2.995001313925589 3.433354519015521 244.87574363060645
68.0 2.5347271515410084 2.990028647566186 3.429039840467018 244.88364429787194
69.0 2.5290115642068187 2.985070290507192 3.4247393108277917 244.89154173850952
70.0 2.5233100637809174 2.9801261823435796 3.4204528694547722 244.89943594743653
71.0 2.5176225899743074 2.9751962630227484 3.4161804560571705 244.90732691954247
72.0 2.511949082848373 2.9702804728426115 3.4119220106945707 244.91521464968787
73.0 2.506289482812837 2.965378752449549 3.4076774737748816 244.92309913270358
74.0 2.50064373062355 2.960491042836204 3.403446786052144 244.93098036338992
75.0 2.495011767380252 2.95561728533924 3.399229888624264 244.9388583365164
76.0 2.489393534524237 2.9507574216369954 3.3950267229306963 244.94673304682146
77.0 2.483788973835974 2.9459113937471284 3.390837230750065 244.95458981504018
78.0 2.4781980274327453 2.9410791440242363 3.3866613541977997 244.96242236229966
79.0 2.4726206377662443 2.936260615157453 3.382499035723722 244.9702515583329
80.0 2.467056747620162 2.931455750168047 3.378350218109652 244.97807739775885
81.0 2.4615063001077813 2.9266644924070095 3.374214844466992 244.9858998751658
82.0 2.4559692386696135 2.921886785552683 3.370092858234355 244.99371898511131
83.0 2.450445507070995 2.917122573608369 3.365984203175172 245.00153472212233
84.0 2.444935049399706 2.912371800899947 3.3618888233753172 245.00934708069525
85.0 2.43943781006365 2.907634412073542 3.3578066632407704 245.01715605529617
86.0 2.4339537337884862 2.902910352093165 3.3537376674952535 245.02496164036097
87.0 2.4284827656153203 2.89819956623841 3.349681781177939 245.03276383029524
88.0 2.4230248508984027 2.8935020001021363 3.3456389496411214 245.04056261947477
89.0 2.417579935302849 2.8888175995881986 3.341609118547956 245.04835800224544
90.0 2.4121479648023763 2.884146310909183 3.3375922338701867 245.0561499729234
91.0 2.406728885677051 2.8794880805841556 3.3335882418859044 245.06393852579527
92.0 2.4013226445110583 2.8748428554364294 3.3295970891773043 245.07172365511826
93.0 2.3959291881905296 2.8702105825913797 3.3256190534383845 245.0794753733507
94.0 2.3905484639013066 2.865591209474239 3.3216540019976417 245.0872169472405
95.0 2.38518041912682 2.860984683807941 3.3177016307201934 245.09495500929677
96.0 2.37982500164591 2.856390953610964 3.3137618873827255 245.10268955368008
97.0 2.3744821595307153 2.851809967195209 3.3098347200552105 245.11042057452303
98.0 2.3691518411445402 2.847241673163874 3.305920077098785 245.11814806593028
99.0 2.3638339951397933 2.8426860204093813 3.302017907163665 245.12587202197864
