0.0 2.63249712110182 3.058841861382294 3.4703097156904885 245.30269141821805
1.0 2.6329088952893565 3.0600925524870553 3.4722678314471507 245.3138939197675
2.0 2.6310374647152237 3.059056621917547 3.471941553168659 245.32908422047606
3.0 2.6274180686137707 3.0562702564677187 3.4698664977146234 245.34731880973047
4.0 2.6224607082395637 3.0521441659789947 3.4664529467949965 245.3678845759232
5.0 2.616475556177676 3.0469921211031905 3.4620159403548945 245.39023906997
6.0 2.609697234443532 3.0410517470909015 3.4567942140131427 245.41397394042562
7.0 2.60231384007703 3.034507003141649 3.4509685642062613 245.43878135586257
8.0 2.594472452753932 3.0275040022934143 3.4446849650692517 245.46440547740272
9.0 2.5862855685856507 3.0201552852815605 3.438055851328665 245.4906320733077
10.0 2.5778396945454665 3.012547517121289 3.4311678070133387 245.51734205666193
11.0 2.5692014188120096 3.004747406460128 3.4240874788572713 245.54442223602226
12.0 2.560421963349984 2.9968062671524076 3.4168661333572787 245.5717853074597
13.0 2.5515406968646808 2.9887635380434183 3.409543173117297 245.59936394260473
14.0 2.542587847548406 2.980649500912402 3.40214885216603 245.62710623663165
15.0 2.533586598555617 2.972487379906462 3.394706373384472 245.65497219632803
16.0 2.524554706635634 2.96429496319093 3.3872335086217795 245.6829310270793
17.0 2.515505752088193 2.956085855205526 3.379743849777538 245.71095903546248
18.0 2.506450103557018 2.9478704432114 3.3722477744508463 245.73903800725236
19.0 2.4973956622479956 2.9396566428452027 3.3647531908078476 245.7671539531092
20.0 2.488336215821817 2.9314433185207323 3.357266111714837 245.795261218289
21.0 2.4792775085112946 2.923231907165656 3.3497818911627575 245.823389736197
22.0 2.4702257485459467 2.9150278633801725 3.342304901849905 245.85154511716195
23.0 2.4611856333317026 2.906835893628688 3.33483984586207 245.8797188453255
24.0 2.4521607057223744 2.898659547960244 3.327390269799244 245.90790441390527
25.0 2.443153627276768 2.890501493728542 3.319958838267492 245.93609685630085
26.0 2.4341663876286233 2.8823637253118752 3.312547543425961 245.9642923853977
27.0 2.425200464735195 2.874247724625919 3.305157865368686 245.9924881163643
28.0 2.4162569473949103 2.8661545838405966 3.2977908947424392 246.02068185382944
29.0 2.4073366288132876 2.8580850990959696 3.2904474263878236 246.04887192865814
30.0 2.398440077977529 2.8500398419895556 3.283128030770195 246.07705707290336
31.0 2.389567694040253 2.8420192140446874 3.275833108405551 246.10518807499048
32.0 2.3807197477088504 2.8340234881632687 3.2685629312813558 246.13330946014963
33.0 2.371896412708191 2.8260528401359455 3.26131767434273 246.16142348463933
34.0 2.3630977896690655 2.8181073725659926 3.2540974393983744 246.18952973014387
35.0 2.354323924243965 2.8101871330115435 3.246902273249328 246.21762787934935
36.0 2.3455748208285034 2.802292127726702 3.2397321814200537 246.2457176913649
37.0 2.336850452941619 2.794422332056419 3.2325871385457927 246.27379898304434
38.0 2.3281395534045415 2.7865739225457355 3.2254670962207426 246.30187161480944
39.0 2.319443769358634 2.7787419196065133 3.2183637150276927 246.32995175193005
40.0 2.310765569450377 2.7709279622043317 3.2112782094153505 246.35803695565983
41.0 2.3021067643791633 2.7631338649859565 3.2042123922893206 246.38611848229195
42.0 2.2934686726621054 2.755360949805506 3.1971676725600173 246.4141504551184
43.0 2.284852245123066 2.747610170380032 3.190146124713326 246.44217882839476
44.0 2.276258158272982 2.7398822057922834 3.183147224223439 246.47020207563642
45.0 2.267686884271061 2.732177530541683 3.176171444689037 246.49821905671882
46.0 2.259138743276413 2.724496466961716 3.169219107598136 246.52622892041725
47.0 2.25061394257431 2.7168392243942483 3.162290421486296 246.55423103125386
48.0 2.242112605781819 2.7092059284302015 3.1553855111656635 246.58222491465622
49.0 2.2336347946208384 2.701596642708123 3.148504439515131 246.61021021589414
50.0 2.225180525129534 2.694011385144155 3.1416472237042656 246.63818666937144
51.0 2.216749779717323 2.686450140000471 3.134813847257418 246.66615407568978
52.0 2.2083377653406098 2.6789100861854354 3.1280042690129197 246.69410361808553
53.0 2.199936586771517 2.671385152073402 3.121214985695405 246.72200422935316
54.0 2.1915496650309465 2.6638749642738944 3.1144402654781715 246.74991413106156
55.0 2.1831794774249227 2.656382003936274 3.1076825884077803 246.7778281631383
56.0 2.174827807435046 2.6489080577904693 3.100943740238185 246.80574252983126
57.0 2.1664959291237027 2.641454402729463 3.0942249969711138 246.83365444150354
58.0 2.158184743047642 2.6340219418491895 3.087527260867 246.86156184954655
59.0 2.1498948763061434 2.62661130458645 3.0808511605631197 246.88946325043858
60.0 2.1416267560947397 2.6192229203361888 3.074197124677495 246.91735754109044
61.0 2.133380663711166 2.6118570725023442 3.067565435850769 246.94524391218752
62.0 2.12515677415722 2.604513938131302 3.0609562703737168 246.9731217696476
63.0 2.1169551851402466 2.59719361693555 3.05436972720703 247.00098347143455
64.0 2.1087759382836064 2.589896152519661 3.04780584920481 247.02878535520236
65.0 2.1006190346184526 2.5826215478828494 3.041264638615568 247.05657754418712
66.0 2.0924844458833354 2.575369776726091 3.0347460683883978 247.0843598623486
67.0 2.084372122754821 2.568140791687936 3.0282500904082483 247.1121321778656
68.0 2.0762820008343894 2.560934530334944 3.0217766414860465 247.1398943910101
69.0 2.0682140049969235 2.5537509195126944 3.015325647709601 247.1676464252995
70.0 2.0601680525447033 2.546589878501442 3.008897027599193 247.1953882210498
71.0 2.052138880680497 2.5394496102664466 3.0024906943928817 247.22311973068386
72.0 2.0441211834476345 2.532325855191987 2.9961028990794043 247.25084898493694
73.0 2.036117958433974 2.5252170916028365 2.9897298822456073 247.27858416341255
74.0 2.0281313190872248 2.518125435319714 2.983373759466559 247.30632051429382
75.0 2.020162525623887 2.511052368082889 2.9770360121035275 247.33399696537435
76.0 2.0122113817483127 2.5039989176951325 2.9707176674748728 247.36166619271518
77.0 2.0042800156568896 2.496965787474483 2.964419428331501 247.38932877607095
78.0 1.996368896890789 2.4899534491554136 2.9581417657762055 247.4169834648882
79.0 1.9884783300358677 2.482962209468205 2.9518849858574625 247.44462936234243
80.0 1.9806085023502245 2.4759922577886746 2.945649277230458 247.4722658245316
81.0 1.972759517804562 2.4690437001929824 2.9394347452206904 247.49989238813
82.0 1.9649314213773446 2.4621165837621657 2.93324143613533 247.5275087185388
83.0 1.9571242163702007 2.455210913903509 2.9270693545898094 247.55511457277845
84.0 1.9493378767311134 2.4483266666775028 2.920918475838768 247.58270977296795
85.0 1.9415656622257051 2.4414598836236316 2.9147887545390097 247.6102941873976
86.0 1.9338025273384132 2.434605669030025 2.9086754892032776 247.6378361361214
87.0 1.9260520162108528 2.4277646465818097 2.902575178470098 247.6653658735294
88.0 1.9183165844200354 2.4209392736867117 2.8964902805031483 247.6928974757116
89.0 1.9105979221211375 2.414131242365179 2.890422487636095 247.7204269130042
90.0 1.902897182068585 2.4073417072895267 2.8843729545295806 247.74795135102028
91.0 1.8952151402930237 2.4005714464664427 2.8783424589406885 247.77546879689223
92.0 1.8875523091644817 2.3938209742988303 2.872331514848751 247.80297784935675
93.0 1.8799090168375776 2.387090621026559 2.866340451943096 247.83047752244607
94.0 1.8722854629943855 2.380380588463528 2.860369471394443 247.8579671212824
95.0 1.8646817578995274 2.3736909890469184 2.8544186849292417 247.88544615470366
96.0 1.857097949723164 2.3670218731548185 2.8484881421655435 247.912914273887
97.0 1.8495340436278975 2.3603732481884903 2.842577849708532 247.94035289659544
98.0 1.8419900150822626 2.353745091881997 2.836688708853043 247.9677338912092
99.0 1.8344658191330774 2.347137361571445 2.830820452027095 247.99510322572877
