0.0 2.433337172013405 2.972564503585488 3.4846461778272433 245.10799667543472
1.0 2.4291664726737787 2.9702226879433957 3.4838978786011694 245.13681255418385
2.0 2.4222286567010496 2.9644957697799224 3.479446549048775 245.17328560539767
3.0 2.412327061670291 2.9564525154186296 3.4729934207237756 245.21390132620806
4.0 2.4002859113004074 2.946274987831383 3.464400987151146 245.2589741393307
5.0 2.3867072623677585 2.934564443417682 3.4542742482877102 245.30729113162906
6.0 2.3720316808131017 2.9217608426431325 3.4430520936586984 245.3579696097058
7.0 2.358951269731136 2.9096148943913285 3.4310563140730297 245.4103642871282
8.0 2.3446344480648373 2.897183097836821 3.420222496379399 245.4603674650503
9.0 2.3294453801528943 2.883882758613726 3.4085170881933107 245.5122229976465
10.0 2.3136494954391145 2.8699788893753015 3.3962056604953874 245.56546919797398
11.0 2.297440076072127 2.855664458628763 3.3834815948800903 245.61971461049754
12.0 2.280957515841644 2.841079717781414 3.3704854806502045 245.6746730972809
13.0 2.2643002354182267 2.8263264504646224 3.3573192287489855 245.73013573160668
14.0 2.2475455895747776 2.8114783489621638 3.3440567950403755 245.78594948408505
15.0 2.230746746574516 2.7965884247302255 3.3307512790475977 245.84193559571915
16.0 2.21394189410283 2.781694806227672 3.317440896965452 245.89801894139475
17.0 2.197158330110672 2.7668247504335164 3.304152968817116 245.9542009552431
18.0 2.1804154544667442 2.751997630209177 3.2909069121632184 246.01043919427255
19.0 2.163726952817392 2.7372271148410015 3.2777164273835915 246.06670295090532
20.0 2.1471023874299564 2.7225227583479614 3.2645910895205437 246.12297005307457
21.0 2.1305483534335106 2.7078911537689705 3.2515375052004054 246.17916299209216
22.0 2.1149708269679794 2.6936300387541685 3.2385601514138163 246.23525711525483
23.0 2.099170009311546 2.679769001528869 3.2262849295303937 246.28987236895878
24.0 2.083238212195209 2.665779768940437 3.213879803770857 246.34492138957552
25.0 2.067240313988563 2.6517270623355147 3.2014096867406487 246.4002597345915
26.0 2.051221739206361 2.637656195780995 3.188920028022422 246.45578506714378
27.0 2.0375489791160497 2.625003573368319 3.176442504249761 246.5113993541518
28.0 2.0231391454950325 2.612550223393983 3.165591011601279 246.56316526177957
29.0 2.008245365838269 2.599617062696276 3.154256597145552 246.61618540897555
30.0 1.993043292789668 2.5863792149612896 3.1426149780802324 246.67005849626054
31.0 1.977654547924894 2.572957927527743 3.130787819219962 246.72450488290235
32.0 1.9621631010857108 2.559436907317394 3.118859120157026 246.77932988987337
33.0 1.946626722856767 2.5458737421046327 3.106886672820037 246.83439819048712
34.0 1.9310849891779849 2.53230788262109 3.09491335500273 246.88954244079585
35.0 1.9155648694633063 2.5187662144344745 3.082963293150973 246.9446997821659
36.0 1.9000846209078994 2.5052669405312984 3.0710543554090504 246.99989531580573
37.0 1.8846564965352226 2.49182228092592 3.059198807346359 247.0550982593987
38.0 1.8692886237360757 2.4784403451345542 3.0474047878528734 247.11028743043553
39.0 1.853986303963119 2.4651264275211235 3.0356776093276214 247.1654482744447
40.0 1.8387529094179067 2.451883900881061 3.024020654680041 247.2205400672144
41.0 1.8235904999119923 2.43871483108961 3.012435994379184 247.27546709015843
42.0 1.8085002459619037 2.4256203986271796 3.0009248096563628 247.33034349384084
43.0 1.794351336689586 2.412877150195135 2.9894876818816543 247.38516604209926
44.0 1.779946569283753 2.400488680602799 2.9786901401163246 247.43845125559073
45.0 1.7654008168577 2.3879630348494287 2.9677530861747736 247.49222274753794
46.0 1.7507873091368036 2.375372895966772 2.9567495611487686 247.5462956081039
47.0 1.7384575909106297 2.3641475088010537 2.9457277369714285 247.6004444117887
48.0 1.7252914412962683 2.35301157709303 2.936200753888211 247.65068412183328
49.0 1.7116049425776365 2.3413611359975253 2.926154648318573 247.70239989979606
50.0 1.697604976487787 2.3294020122680075 2.915796361119507 247.75505883625067
51.0 1.6834266271798144 2.3172685886745454 2.9052610130809007 247.80831091382285
52.0 1.6691578166743324 2.305048324032588 2.8946365502465334 247.86192650654834
53.0 1.6548555421572095 2.2927979127754474 2.883979987036583 247.9157552419059
54.0 1.6405565704698148 2.2805539269675528 2.8733281040996395 247.96959191395402
55.0 1.6262844703979222 2.2683398131446673 2.862704482497735 248.02342755260065
56.0 1.6120542264095061 2.2561704821445194 2.852124118477371 248.0772712115689
57.0 1.597875182488662 2.2440552654693624 2.841596442945807 248.13109602483996
58.0 1.5837533404796313 2.232000060049838 2.8311272445411624 248.1848847060277
59.0 1.5696920949469095 2.2200083405438953 2.8207201555900743 248.238625651619
60.0 1.5556934739503478 2.208082111672337 2.8103771419965686 248.29230583314006
61.0 1.5417585562687937 2.1962224633801704 2.8001021236721955 248.34576885760157
62.0 1.5278878173693726 2.1844298866343004 2.7898942430006994 248.39916847936428
63.0 1.5140813513972593 2.1727044940098468 2.7797521625157717 248.45250262063814
64.0 1.5011999484302696 2.1613124227677027 2.7696757514226364 248.5057698667048
65.0 1.4880264830458887 2.150233735559342 2.7601880097019467 248.55743735090485
66.0 1.4746973177543243 2.139004016191395 2.750546028513843 248.60966312240342
67.0 1.463571584891078 2.129064267516595 2.740834167977787 248.6621862291723
68.0 1.4514947285598727 2.119091409452272 2.732472983245012 248.71068828184363
69.0 1.438862073546322 2.108571053299661 2.7235575972466948 248.76090664167646
70.0 1.4259157112549898 2.0977432918852625 2.714330066043873 248.81214613210244
71.0 1.412803507276416 2.0867547510438085 2.7049382308523486 248.86397984657876
72.0 1.3996103080391935 2.075694654767344 2.695472065327061 248.91614600106487
73.0 1.386394486739658 2.064617050624091 2.685986076775395 248.96848441488913
74.0 1.3731900690113514 2.0535544906040175 2.6765130967485726 249.0208973213621
75.0 1.360016669680056 2.042526433913602 2.6670727523165154 249.0732021731701
76.0 1.3468858868403675 2.0315443933450124 2.657676655102731 249.12543748432668
77.0 1.3338044701510816 2.0206150770015046 2.648331569515675 249.1776289263511
78.0 1.3207762486406942 2.0097422995295973 2.6390413403991557 249.22976329214828
79.0 1.3078032994147522 1.9989281405317019 2.6298080615783377 249.28183254684282
80.0 1.2948866535176353 1.9881736440445947 2.620632781569474 249.33383176844046
81.0 1.2820267205794211 1.9774792392619607 2.611515928119281 249.3857579007277
82.0 1.269223543299483 1.9668449926026534 2.60245756260363 249.43749929588625
83.0 1.2564769493236179 1.956270758122293 2.593457531857381 249.4890994419295
84.0 1.2437866415298775 1.9457562668978643 2.5845155584121153 249.54062195252854
85.0 1.2311522514611617 1.9353011799292894 2.575631293915275 249.59206617502525
86.0 1.2185733708225126 1.9249051193102218 2.566805018229595 249.643431589654
87.0 1.208298332185065 1.9159000940850444 2.558039851568151 249.69471775341262
88.0 1.1970580892393676 1.906841829236101 2.550584145625652 249.74182652631282
89.0 1.1861170695054701 1.8975174732565148 2.5426085778364254 249.79070039853235
90.0 1.1745232972271966 1.8881286231379983 2.5348187553709103 249.83889089496782
91.0 1.1625868819914005 1.8784058993569843 2.5266882914402604 249.88827459316784
92.0 1.1504825640588758 1.8685218299486113 2.5183918317416825 249.93829250902715
93.0 1.1383084139056134 1.8585732297119335 2.5100273949789993 249.98862874892134
94.0 1.1261191858032664 1.8486141486405536 2.5016497113055682 250.03910525226163
95.0 1.113945242690699 1.8386745626256773 2.49328913722893 250.08962193994964
96.0 1.1018032650973033 1.8287709471686273 2.484962358086142 250.1401227130205
97.0 1.0897022900870161 1.8189122384444207 2.47667842287526 250.1905338322251
98.0 1.0776457683786154 1.809103180863503 2.4684421339410427 250.24074254582425
99.0 1.0656307867647987 1.7993461991896937 2.4602559430426267 250.29087616165518
