0.0 3.364663768792295 2.3801111685927037 2.8826343126661347 244.8277383929168
1.0 3.391073689583788 2.4032582389618793 2.907503644681427 244.8003935863454
2.0 3.4064574365942115 2.41538487743318 2.921361156735867 244.79656023470906
3.0 3.413889108782643 2.4195629600411626 2.9272771645353304 244.80925529657046
4.0 3.415551627925236 2.4179739442614028 2.927431963655844 244.83372122824625
5.0 3.4130165445797105 2.41218839485242 2.923395237920002 244.8666713802183
6.0 3.4074259100204825 2.4033476895732466 2.91630768672116 244.90578548866782
7.0 3.399614819359947 2.3922864588974653 2.9070034122819886 244.94939973005958
8.0 3.390196290851867 2.3796173985620634 2.896094696209294 244.99630771185093
9.0 3.3796212997205997 2.365791203118819 2.884031963438794 245.0456279908245
10.0 3.3682219045141206 2.35113631559604 2.871146859730373 245.09671326848894
11.0 3.356242579450901 2.3359006918304237 2.8576835490541774 245.14908669925057
12.0 3.3438631597918786 2.3202640544102002 2.84382163346997 245.20239641258664
13.0 3.3312185670587158 2.3048923934454435 2.8300095732162145 245.25631297071718
14.0 3.318785978405258 2.289169544062346 2.8160765853187577 245.30986820485995
15.0 3.306123154704267 2.2732154743835875 2.8019147213082793 245.36402822186312
16.0 3.2933177097055615 2.2573246559216504 2.78768071128244 245.41861786432477
17.0 3.280580785166954 2.241270100434733 2.7734386122099197 245.4731917334507
18.0 3.267751000433517 2.2251216969270167 2.7591048621690977 245.52809805192337
19.0 3.254878981608166 2.2089300259940927 2.744729997800611 245.58319674401358
20.0 3.242001228638263 2.1927315535713126 2.730350453980757 245.63836486202544
21.0 3.2291439359440606 2.1765524481199723 2.7159923783474826 245.69362871293418
22.0 3.216325796373219 2.1604113821372497 2.7016744306575182 245.7489482056037
23.0 3.2035600553835852 2.144321584607613 2.687409833507947 245.80429422632886
24.0 3.1908560128857584 2.1282923416234345 2.6732078715766066 245.85964567571202
25.0 3.1782201188165415 2.112330091099395 2.6590749852423894 245.91495891685827
26.0 3.1656567704456635 2.096439219477864 2.645015566431546 245.97015414301018
27.0 3.153168891179242 2.0806226401133108 2.631032536326458 246.02531979477087
28.0 3.1407583496496994 2.0648822120715464 2.6171277636436563 246.08045017566025
29.0 3.128426262367653 2.0492190425809573 2.60330236668083 246.13554118188986
30.0 3.116173211689851 2.0336337048625093 2.5895569308369355 246.19058985416305
31.0 3.1039994023641717 2.018665122923195 2.5762104578642875 246.2455796617262
32.0 3.0922735979009683 2.0035771269471416 2.5629765321443827 246.2995413383615
33.0 3.0804899433716857 1.988430104403982 2.549686134280037 246.35376684159186
34.0 3.068690452853831 1.973266046967088 2.5363811662864992 246.4081608996911
35.0 3.056904207077621 1.9583102830315684 2.5231549861689198 246.46265660542048
36.0 3.0452841099372394 1.9433004246752115 2.510023746736263 246.51688613519963
37.0 3.0336520408551473 1.928277483945785 2.4968818835839484 246.57127642380968
38.0 3.0220361575061405 1.9132695995810138 2.483757471488834 246.62565754734868
39.0 3.0104556637793345 1.8982959603618956 2.470669657931038 246.6800562783087
40.0 2.998923555511346 1.8833695494032818 2.4576314011643765 246.73447043859903
41.0 2.9874496689158514 1.8684975023962684 2.4446513807836814 246.78887804920132
42.0 2.9760409700546986 1.8536844178704717 2.431735327489085 246.84326392233956
43.0 2.9646988507182654 1.8389366261387765 2.4188869461121723 246.8976175752069
44.0 2.9534256326878716 1.8242564373078316 2.406108554512038 246.95186469804625
45.0 2.9422226882704234 1.809645212431453 2.3934015245225773 247.0059950415305
46.0 2.9310907447595973 1.795103667755539 2.380766585376014 247.0600767963896
47.0 2.9200300933156496 1.780632083461938 2.3682040318608673 247.11410756944656
48.0 2.9090407318391667 1.766230446444562 2.355713866682624 247.16808567990682
49.0 2.8981224623779047 1.7518985476615292 2.3432958975183387 247.22200993082447
50.0 2.8872749573275587 1.7381560416876463 2.331256560067166 247.27586542920236
51.0 2.876834526935077 1.7242721637367904 2.319300755093084 247.32865320613374
52.0 2.866326093364928 1.710318934500707 2.3072787707550995 247.38173692223384
53.0 2.855797068133445 1.6963437439711742 2.295237805789965 247.4349958791487
54.0 2.845278494498397 1.6825805109473984 2.2832737863628223 247.48834996512787
55.0 2.8349203180539297 1.6687522954391565 2.2713989639951495 247.54139682706867
56.0 2.824544923867033 1.6549055992606905 2.2595086292693085 247.59461114584573
57.0 2.8141824787529797 1.6410705696053796 2.247632801423911 247.64784491767384
58.0 2.803852413070577 1.6272666209899926 2.235790815620638 247.70103544387203
59.0 2.7935671331104097 1.6135061459443238 2.2239950179523897 247.75422657645044
60.0 2.7833344646885263 1.5997969575954276 2.212253197359822 247.80739615377294
61.0 2.773159256864609 1.5861438927946259 2.2005701815229095 247.8605297117577
62.0 2.763044431191906 1.5725498610338273 2.1889488808865414 247.91361781004255
63.0 2.7529916660027705 1.559016528535193 2.1773909694556437 247.96665427589107
64.0 2.743001841188436 1.5455447629328871 2.1658973272670803 248.01950527542266
65.0 2.7330753263424947 1.5321349213618403 2.154468327001535 248.0722752711877
66.0 2.723212166782373 1.5187870364525327 2.1431040189958264 248.12498449898482
67.0 2.7134122032232364 1.505500935992188 2.1318042502535937 248.1776317245365
68.0 2.7036788708745707 1.4928081484301274 2.1208811737149493 248.23021607057825
69.0 2.694332815491001 1.4799423660974649 2.110015522827969 248.28179464499857
70.0 2.6849043576472704 1.466990192736588 2.099069878912398 248.333713880976
71.0 2.675448759993704 1.4540062709172723 2.088099126998331 248.38567616567147
72.0 2.666000121211531 1.4410277234623725 2.0771371304648385 248.4377292311138
73.0 2.656579339651168 1.4280754336029078 2.0662046427730254 248.48981257860248
74.0 2.6471991075474217 1.4151620788167487 2.0553142685480803 248.54188858198998
75.0 2.6378670337097745 1.402487220255141 2.044533386384117 248.5939338790907
76.0 2.628701786049426 1.3897668818215765 2.033854092031773 248.64559017568646
77.0 2.6195336884116043 1.3770421965757833 2.02317396796923 248.69734898727447
78.0 2.6103875362674613 1.3643379442459422 2.012517617118521 248.74900724985176
79.0 2.6012781432153087 1.351668923692377 2.0018997381972445 248.8006629296221
80.0 2.592214253004657 1.339043864046838 1.9913290082105148 248.85228879036865
81.0 2.583200932465325 1.3264678172428654 1.980810456979158 248.9038682537449
82.0 2.574241030070185 1.3139436164228262 1.970346914273837 248.95539121791148
83.0 2.5653360617164225 1.30147276167788 1.9599398885261345 249.0068515016058
84.0 2.556486746641459 1.289055955970631 1.949590098380557 249.05823829710673
85.0 2.547693330409697 1.2766934281442863 1.939297793005156 249.10940032876493
86.0 2.538955778820123 1.2643851268536863 1.9290629443598546 249.16049146057992
87.0 2.530273893853288 1.2526502289603638 1.9191886478557019 249.21151065841264
88.0 2.5219422621346514 1.2407183416058045 1.9093440541074427 249.26151778021472
89.0 2.5135215323348805 1.228695573518065 1.8994135036195712 249.31190249108766
90.0 2.505072989082297 1.216643232356962 1.8894576742287446 249.36247357497155
91.0 2.4966318401468337 1.2045965336321847 1.8795114215339692 249.41311986039614
92.0 2.488219196295145 1.1925755488854692 1.8695946177265659 249.4636582367726
93.0 2.4798489012099285 1.1805915931995556 1.8597184737976695 249.51412269589972
94.0 2.471523717110237 1.168650938893968 1.8498892143566081 249.5645384283044
95.0 2.4632470419622825 1.156756966521701 1.8401102055669114 249.61489307189342
96.0 2.455020624645317 1.1449114058202847 1.8303831824675372 249.66517944485952
97.0 2.446845277485256 1.1331107311941577 1.8207089539610328 249.71539333039064
98.0 2.438721283923329 1.12154271833108 1.8111437417373129 249.76553220120002
99.0 2.4307495007794193 1.1099237327814042 1.8016705211468016 249.81521017129182
