0.0 2.5151463299161834 2.8601715135345747 3.144468564875188 0.38965385319224993 242.1904205852156
1.0 2.5177331021231146 2.862646785523233 3.146777411690142 0.38993148690360474 242.21921837700762
2.0 2.5188446475851376 2.8638241427622253 3.147982229406084 0.3899343589855626 242.25050202523636
3.0 2.5186493908679606 2.8637098421449734 3.147908371536765 0.38993561897731743 242.2828249232028
4.0 2.517295683610941 2.862450560838953 3.1467010826128923 0.38993545482532666 242.3160629697581
5.0 2.514916064650502 2.8601765207801213 3.1444908059609156 0.3899340278781933 242.35010799927466
6.0 2.5116366333527567 2.857007862812733 3.14139037840393 0.3899314791058322 242.38486429398702
7.0 2.507557762790836 2.853049758888872 3.13750859819302 0.38992794050672624 242.42024160011553
8.0 2.5027648491887144 2.84839049087277 3.132932933018483 0.3899235153546365 242.45616819538725
9.0 2.4973412734444893 2.843108263788093 3.12774087278418 0.3899182936759265 242.49258099519855
10.0 2.4913570681926878 2.837272402641285 3.1220011132062098 0.38991235415932657 242.52942442331428
11.0 2.484874343873153 2.8309443960940808 3.1157745882974326 0.3899057657441242 242.56664944931322
12.0 2.4779482125428083 2.8241788089075195 3.109115373296324 0.3898985889492877 242.6042127644469
13.0 2.4706275970394524 2.8170240814844996 3.1020714760772212 0.3898908769923629 242.64207607307543
14.0 2.462955941213892 2.8095232319162267 3.094685532214841 0.38988267673659616 242.68020548114788
15.0 2.4549718344946165 2.801714473548584 3.086995416531367 0.38987402949677985 242.7185709665955
16.0 2.446709562035063 2.7936317591190103 3.079034782023987 0.38986497172817647 242.7571459192019
17.0 2.4382045715972236 2.785307659605903 3.070833535472395 0.38985553561809966 242.79590673968372
18.0 2.4294909098192177 2.7767745826100994 3.062422574535061 0.38984575537880817 242.83482893289857
19.0 2.420595453466372 2.7680602403782113 3.0538315612416596 0.38983566439428985 242.87388891492424
20.0 2.4115394133700674 2.759187379717834 3.0450839280403224 0.38982528360017926 242.91306815777887
21.0 2.4023402067832587 2.750174185661694 3.036198174476991 0.3898146358214582 242.95235207055896
22.0 2.3930133152907747 2.741035992800011 3.0271895012050356 0.38980373851247274 242.99172872341808
23.0 2.3835724980288595 2.7317864316275546 3.018071582454055 0.3897926055755111 243.03118752706172
24.0 2.374029981691641 2.7224376157081456 3.0088582979150225 0.38978124924131957 243.07071907651212
25.0 2.364396629378661 2.7130003088821812 2.9995582872760003 0.38976968024891967 243.11031501990877
26.0 2.3546820906977035 2.7034840739174055 2.9901810340778656 0.3897579080043939 243.14996794225647
27.0 2.3448949352471518 2.6938974047037174 2.980734962745526 0.38974594072132146 243.18967126233017
28.0 2.335042771350122 2.68424784384421 2.9712275551572196 0.3897337855451582 243.22941914117584
29.0 2.325133407376313 2.6745426615173997 2.9616654543583754 0.38972144866353114 243.2692064008508
30.0 2.3151745104497867 2.6647891249958513 2.952055468289363 0.3897089367490119 243.30902768313183
31.0 2.3051710897799573 2.654992996085648 2.9424042746179975 0.3896962565436478 243.34887769578418
32.0 2.29512758495059 2.645158682322681 2.9327162494226693 0.3896834116031668 243.3887530525449
33.0 2.28504792845365 2.6352900897442217 2.9229952720994903 0.3896704048903151 243.42865076048358
34.0 2.2749328042815993 2.625390678020328 2.9132447800128163 0.3896572388325038 243.46856817737168
35.0 2.2647867901626606 2.6154635095315153 2.903467817144066 0.38964391537314186 243.50850297372546
36.0 2.254613884679713 2.605511293056159 2.8936670773966875 0.38963043601735564 243.54845214207333
37.0 2.2444164900576116 2.595536422657663 2.883844943142261 0.38961680187270376 243.58840180092147
38.0 2.234196725041189 2.585541012296388 2.8740035195283404 0.38960301368543104 243.6283632905528
39.0 2.223956455996552 2.575526926633648 2.864144665011387 0.38958907187273767 243.6683352327546
40.0 2.213697324588106 2.5654958084437722 2.854270018527283 0.38957497655148726 243.70831642574743
41.0 2.203422168632047 2.555449624486946 2.8443810236668714 0.38956072756372917 243.7483058252974
42.0 2.193139534829609 2.5453933782677822 2.8344801518942315 0.38954632487866936 243.78830149755765
43.0 2.182849567734096 2.5353314994383735 2.8245747801087613 0.38953177301963243 243.82829725665698
44.0 2.1725523813813896 2.5252641178276796 2.8146650457078173 0.38951707676627106 243.8682930793047
45.0 2.1622480601593845 2.515191338320459 2.804753169892338 0.38950223413843243 243.90828900034393
46.0 2.1519366617727576 2.5051132398711826 2.7948372404369066 0.3894872430758993 243.94828507718876
47.0 2.1416182198711398 2.4950298781171876 2.7849172331275684 0.3894721014399019 243.98828138783367
48.0 2.1312927463771207 2.4849412848108887 2.774993196751816 0.389456807014261 244.02827802909147
49.0 2.1209602241848313 2.4748474575629573 2.7650651525329235 0.38944135750619185 244.06827512295865
50.0 2.110620590682713 2.4647483700113626 2.75513307816889 0.38942575053251816 244.1082728309192
51.0 2.10027380874205 2.454644009857211 2.7451969769631908 0.3894099835910147 244.14827129418543
52.0 2.089919825868332 2.4445343501136767 2.7352568379674884 0.3893940541661141 244.18827066771294
53.0 2.079558575511019 2.4344193504541485 2.7253126373686563 0.38937795966530675 244.22827111954751
54.0 2.0691917008943896 2.4242999021087672 2.71536433964215 0.3893616974186472 244.268272829975
55.0 2.058820169538942 2.4141771819229927 2.705413371580787 0.3893452674350482 244.30827467355806
56.0 2.0484435618579995 2.404051346903718 2.695460580252029 0.38932866868022986 244.34827172844376
57.0 2.0380614844577827 2.393922036435241 2.685505626460079 0.38931189786395803 244.38825701336998
58.0 2.0276735666859045 2.3837889129792695 2.6755481942247754 0.38929495165801115 244.42824258917466
59.0 2.017279457551738 2.373651659050721 2.665587987799614 0.38927782669014 244.46822886669412
60.0 2.00687882297681 2.3635099745207264 2.6556247290142836 0.3892605195383153 244.50821624529164
61.0 1.9964713433381134 2.353363574210105 2.6456581549053855 0.38924302672522054 244.54820511487472
62.0 1.9860532292794904 2.343212185740424 2.6356880156027134 0.3892253447129488 244.58819585771298
63.0 1.9756267236641942 2.3330555476135024 2.6257140724422965 0.3892074698978662 244.6281888500788
64.0 1.965192449369839 2.3228934074932948 2.615736096280352 0.38918939860560886 244.66818446373054
65.0 1.9547517816987092 2.3127260659881617 2.6057538659852257 0.38917112708618073 244.70818306725727
66.0 1.9443089463121639 2.3025557183718117 2.5957697724845703 0.38915265150912387 244.74818374887437
67.0 1.9338655491823271 2.2923858998036075 2.5857873274341223 0.3891339705961211 244.78818337118247
68.0 1.9234209015942223 2.2822168537904384 2.575806834766881 0.38911509235489766 244.82818074766737
69.0 1.912973882957367 2.2720477196582416 2.5658277267907987 0.3890960123758527 244.86817653192273
70.0 1.9025234738243957 2.2618775296515006 2.5558490702894643 0.3890767253226358 244.9081717240922
71.0 1.8920687435294155 2.251705404440073 2.545870019990668 0.3890572258899411 244.94816725366505
72.0 1.881608839209595 2.241530542315822 2.5358898079004515 0.38903750878465865 244.98816398849303
73.0 1.8711429760533755 2.2313522096024156 2.5259077338385976 0.38901756870842497 245.02816274283458
74.0 1.8606704286359663 2.221169732140564 2.5159231570392184 0.3889974003414005 245.06816428453317
75.0 1.8501905232182063 2.2109824877262274 2.505935488695179 0.38897699832711735 245.1081532428985
76.0 1.8397026308986637 2.200789899392978 2.4959441853386664 0.3889563572582574 245.14814441279236
77.0 1.829206161520935 2.1905914294417075 2.485948742962116 0.3889354716632295 245.18814033776786
78.0 1.8187005582491889 2.180386574131778 2.4759486917944837 0.38891433599342934 245.22814165499142
79.0 1.8081852927344755 2.1701748589571817 2.4659435916572936 0.38889294461107315 245.26814898123374
80.0 1.7976626495749395 2.1599573712220157 2.4559330278332605 0.3888712917775068 245.30816291655893
81.0 1.7871321639302284 2.149734737934113 2.4459189632773546 0.3888493775137236 245.3481817982167
82.0 1.7765930421569283 2.139506373690461 2.4359010358874085 0.38882719608867455 245.38820617078338
83.0 1.76604454323939 2.12927160000715 2.42587860733279 0.3888047409018861 245.42823685094524
84.0 1.7554859714843716 2.119029784392757 2.41585108553224 0.38878200526791534 245.46827462095328
85.0 1.7449166700189223 2.1087803339975566 2.4058179184127044 0.3887589823995952 245.50832023421123
86.0 1.734336014997134 2.098522689964483 2.3957785883634872 0.3887356653919713 245.54837442028892
87.0 1.7237434104321359 2.0882563223993933 2.3857326073042047 0.3887120472067998 245.58843788943048
88.0 1.7131382835789495 2.0779807258874032 2.375681800136388 0.38868812065748354 245.6285113366157
89.0 1.702521306220863 2.0676961306225996 2.3656235011352975 0.38866387839433464 245.66859544523035
90.0 1.6918934324021355 2.0574047473992088 2.355559082510316 0.38863931289005677 245.70868910761027
91.0 1.6812572038325952 2.0471083734362536 2.3454918119558243 0.38861442099724763 245.74878939964404
92.0 1.6706114491788264 2.0368059162765966 2.3354206445859402 0.3885892041668227 245.78888153356388
93.0 1.6599574442312153 2.026497680166123 2.325344634771807 0.38856365318176583 245.82897813851022
94.0 1.649294760156385 2.0161839350505644 2.315264892790864 0.38853776453141015 245.86908273399447
95.0 1.6386221032405524 2.0058638422881225 2.305181097725837 0.3885115304420891 245.90919587987673
96.0 1.6279382752090246 1.995536297608432 2.295092205357205 0.3884849407270722 245.9493188645493
97.0 1.617242160003948 1.985200279710928 2.2849972546056128 0.3884579850905177 245.9894529106018
98.0 1.606532712035804 1.9748548388141303 2.2748953562938143 0.388430653094216 246.02959918517243
99.0 1.595808945732368 1.9644990864878271 2.2647856831786775 0.38840293412573346 246.06975880922136
