0.0 2.9271188428648256 3.3313029584655496 3.7252513206540363 244.38471195408897
1.0 2.9258233546038612 3.3315195004098013 3.7267911684667046 244.38233394862834
2.0 2.921968992993062 3.3291731164104035 3.72577058994479 244.38390979438367
3.0 2.916100842839892 3.324809914211513 3.7227349962353298 244.38860268482125
4.0 2.9086501086773215 3.318861889622529 3.7181158470001194 244.3957601473697
5.0 2.8999586817527003 3.3116715495390383 3.712255234162635 244.40487001236127
6.0 2.8902980309728834 3.3035108439387484 3.7054247852002855 244.41552819299582
7.0 2.8798838762964505 3.2945958698688105 3.697840345792585 244.42741467253038
8.0 2.868887677577185 3.2850983834161487 3.6896734757055545 244.44027532757775
9.0 2.857445686188389 3.275154869015216 3.6810605058379267 244.45390798857136
10.0 2.845666110435607 3.2648737185063834 3.672109707850905 244.46815163408118
11.0 2.833634807870108 3.2543409340553024 3.6629069897883157 244.48286569865112
12.0 2.821419818760989 3.2436246699136126 3.6535204321579515 244.49791424502072
13.0 2.8090749827609836 3.2327788555889625 3.64400390666665 244.51326021850767
14.0 2.796642827114082 3.221846089171407 3.6343999660748527 244.52883894326845
15.0 2.784156874219111 3.210859948933222 3.6247421530744948 244.54459894867404
16.0 2.77164348533906 3.1998468402245646 3.615056845049135 244.560499311597
17.0 2.759123333220319 3.1888274706093123 3.60536472753417 244.57650753031783
18.0 2.74661257759586 3.1778180273558494 3.5956819703934237 244.5925978225385
19.0 2.734123802732558 3.1668311165535195 3.5860211659057724 244.60869588353995
20.0 2.7216667644287513 3.1558765113479263 3.57639207619437 244.62482810804482
21.0 2.7092489844952072 3.144961747397291 3.566802228053037 244.6409925721049
22.0 2.6968762232516688 3.134092596136593 3.5572573857188803 244.65717924198862
23.0 2.684552854551564 3.1232734404055082 3.5477619261174627 244.6733802140102
24.0 2.6722821630090645 3.1125075721487994 3.538319136265717 244.6895892715741
25.0 2.6600665792096776 3.1017974279975906 3.52893144862255 244.70580153227243
26.0 2.647907865551476 3.091144775400504 3.519600627041527 244.7219732590568
27.0 2.6358072628421003 3.0805508594468387 3.5103279134563126 244.73811338162582
28.0 2.623765605747173 3.070016518491175 3.501114143399246 244.75424720325162
29.0 2.611783413554575 3.0595422750546173 3.491959836821198 244.77037289913315
30.0 2.5998609614090307 3.0491284071655915 3.482865269370012 244.786489045445
31.0 2.5879982763656213 3.0387750042503896 3.4738305282334774 244.8025945322154
32.0 2.5761932689536304 3.02848201084045 3.4648555558103773 244.81868849467185
33.0 2.5644478564763964 3.0182492606888944 3.4559401837995307 244.83475445645516
34.0 2.552761786362768 3.008076503350118 3.4470841597585955 244.85075353220276
35.0 2.541134742586341 2.99796342484672 3.438287167755297 244.86673917623412
36.0 2.5295663616825386 2.9879096637061457 3.4295488443923245 244.88271106998693
37.0 2.5180562451507713 2.9779148233776938 3.4208687912154825 244.89866896380582
38.0 2.506603969035637 2.967978481825042 3.4122465842996843 244.91461266115542
39.0 2.4952090913107536 2.9581001989186197 3.403681781636417 244.930542006333
40.0 2.4838711575541708 2.9482795221174594 3.395173928811997 244.94645687492198
41.0 2.4725897052977426 2.938515990823458 3.3867225633591937 244.96230739441933
42.0 2.461364267349458 2.9288091397073184 3.3783272180812065 244.9781208438115
43.0 2.450194374321563 2.9191585012394197 3.3699874235811604 244.99391927544616
44.0 2.439079556545896 2.909563607607168 3.361702710178415 245.00970263119984
45.0 2.4280193455172623 2.900023992159884 3.3534726093527416 245.02547086061227
46.0 2.4170132749741056 2.890539190490585 3.345296654825593 245.04122391887896
47.0 2.4060608817009976 2.881108741239285 3.3371743833630187 245.0569617653133
48.0 2.395161706118291 2.8717321866832495 3.3291053353657114 245.07268436217115
49.0 2.384315292709267 2.8624090731645695 3.3210900507130803 245.08831976708478
50.0 2.373521190323558 2.8531389513939045 3.3131272597123926 245.10393744755206
51.0 2.362778952386633 2.8439213766601825 3.3052163360782703 245.11953949228672
52.0 2.3520881370381845 2.8347559089691234 3.297356837928751 245.13512586845036
53.0 2.341448307216821 2.8256421131280747 3.289548328180528 245.15069654337614
54.0 2.330859030704513 2.816579558790495 3.281790374593413 245.16625148434943
55.0 2.3203198801408678 2.8075678204702816 3.2740825497846533 245.18179065844518
56.0 2.3098304330149912 2.79860647753367 3.2664244312208264 245.19730989873204
57.0 2.299390271640856 2.789695114174589 3.2588156011931986 245.2127413544228
58.0 2.2889989831205 2.7808333193779027 3.251255646780998 245.22815666674853
59.0 2.27865615929857 2.7720206868739026 3.243744159805881 245.24355580129324
60.0 2.268361396710584 2.7632568150866037 3.236280736780284 245.25893872308976
61.0 2.2581142965268954 2.7545413070776714 3.228864978851334 245.27430539659824
62.0 2.247914464493784 2.7458737704875125 3.2214964917419584 245.28965578569262
63.0 2.2377615108726814 2.737253817474486 3.2141748856901367 245.30498985365247
64.0 2.2276550503783743 2.7286810646530824 3.2068997753870505 245.32030756315964
65.0 2.2175947021167186 2.7201551330316374 3.1996707799148516 245.33553620633154
66.0 2.2075800895223296 2.7116756479500004 3.1924875226843117 245.3507427641531
67.0 2.1976108402965777 2.7032422390175084 3.1853496313728336 245.36593258138655
68.0 2.1876865863460146 2.6948545400514132 3.17825673786288 245.3811056187313
69.0 2.1778069637215203 2.686512189016 3.1712084781810947 245.39626183631515
70.0 2.1679716125582065 2.678214827962492 3.1642044924382344 245.4114011937002
71.0 2.158180177016184 2.66996210296979 3.157244424769909 245.42652364988965
72.0 2.148432305222209 2.661753664086115 3.150327923278232 245.44162916333474
73.0 2.1387276492122678 2.653589165271588 3.1434546399744225 245.45667056524053
74.0 2.1290658648751473 2.6454682643417646 3.1366242307223247 245.47166188175098
75.0 2.1194461295389813 2.637390622912128 3.1298363551829365 245.4866358705847
76.0 2.109867011850673 2.6293559063435303 3.1230906767598374 245.50159248856116
77.0 2.10032975003542 2.6213637836885875 3.1163868625456037 245.51653169199466
78.0 2.090834014808872 2.6134139276390207 3.1097245832691467 245.53145343670147
79.0 2.0813794804712127 2.6055060144739195 3.1031035132439864 245.54635767800693
80.0 2.071965824856304 2.59763972400891 3.0965233303174307 245.5612443707523
81.0 2.062592729281808 2.5898147395462474 3.089983715820658 245.57611211808793
82.0 2.053259878500113 2.5820307478257543 3.0834843545196806 245.5908816323685
83.0 2.0439669606501694 2.57428743897664 3.0770249345671563 245.6056332132973
84.0 2.0347136672101596 2.5665845064701682 3.0706051474550504 245.62036681446222
85.0 2.025499692950976 2.5589216470731473 3.0642246879681596 245.63508238901179
86.0 2.0163247358905423 2.551298560802224 3.0578832541383747 245.64977988966177
87.0 2.007188497248928 2.543714950879013 3.051580547199837 245.6644592687013
88.0 1.9980906814041945 2.5361705236859384 3.0453162715447704 245.67912047799945
89.0 1.9890309958490722 2.528664988722901 3.039090134680153 245.69376346901117
90.0 1.9800091511483258 2.5211980585646563 3.032901847185104 245.70837159401924
91.0 1.9710248608968857 2.5137694488189295 3.0267511226689887 245.72289417589462
92.0 1.9620778416786742 2.506378878085252 3.02063767773026 245.73739815720967
93.0 1.9531678130261596 2.4990260679145115 3.0145612319160167 245.75188348855713
94.0 1.94429449738055 2.491710742769146 3.008521507682185 245.76635012015663
95.0 1.9354576200527116 2.4844326299840658 3.0025182303544544 245.7807980018606
96.0 1.9266569091846986 2.4771914597281803 2.9965511280897905 245.7952270831597
97.0 1.9178920957119703 2.4699869649666173 2.9906199318386606 245.80963731318872
98.0 1.9091629133262003 2.4628188814235417 2.9847243753078567 245.82402864073197
99.0 1.9004690984387482 2.4556869475456042 2.978864194923923 245.83839088922142
