1.0 2.539641520221124 2.8521509216462095 3.110513945963498 0.39747641911151566 241.86917559987262
2.0 2.5396502112511365 2.8521941574314744 3.1105282990631653 0.3977565809239925 241.90265810403042
3.0 2.5385912009148806 2.8512055001807353 3.109580618352953 0.3977565201915081 241.93618387568827
4.0 2.5365942514779984 2.8492782816741844 3.107694301290158 0.3977574564566382 241.97039733615526
5.0 2.5337751526954597 2.8465277238165214 3.1049831241200305 0.39775927058271804 242.00521143810585
6.0 2.5302352335737477 2.8430564984620332 3.101549587464388 0.39776185813678766 242.0405484139565
7.0 2.5260644897500204 2.8389540414529786 3.09748484867489 0.39776512906809985 242.07633956863103
8.0 2.521338846756382 2.8342963653964794 3.0928649426157504 0.3977690035615713 242.1125279440743
9.0 2.516125017142352 2.829222260626921 3.087756675189444 0.39777341546261646 242.14906373154122
10.0 2.5107039721172533 2.8238689687790357 3.082441176401652 0.397778307134427 242.18573617644287
11.0 2.50487825014368 2.818110892193794 3.076721415753982 0.3977834160786471 242.2226952522849
12.0 2.498696477168745 2.8119966786374513 3.070647493141991 0.39778893416999095 242.25990378904274
13.0 2.4922014421152716 2.805569163410199 3.0642603521047556 0.397794819951978 242.29733023203752
14.0 2.4854308082613814 2.798866050362847 3.0575977088496087 0.39780103710799347 242.33494687287163
15.0 2.478417734703766 2.7919205341080167 3.050692768641719 0.39780755379060523 242.37272936481497
16.0 2.4711914200606837 2.7847618443749833 3.0435747704306153 0.3978143420482447 242.4106563033235
17.0 2.4637795337830557 2.777416805178397 3.036269463922362 0.3978213773331201 242.44870886202335
18.0 2.456205079377107 2.769909052286474 3.0288012455022897 0.39782863614212977 242.48686918714247
19.0 2.4484877273238563 2.7622585401552877 3.021190401809709 0.397836099131879 242.52512246110174
20.0 2.4406448035021735 2.7544826128207287 3.0134542821109553 0.39784374987833676 242.5634560280805
21.0 2.432691568373495 2.746596546743304 3.005608167501088 0.397851573948328 242.60185874493044
22.0 2.4246414625949857 2.738613796703154 2.997665516888903 0.3978595586624005 242.64032079941856
23.0 2.4165064581211895 2.730546258365573 2.989638183507269 0.3978676928876558 242.678833550871
24.0 2.4083020263705546 2.7224061703239575 2.981536723833058 0.3978759668564059 242.71738930013413
25.0 2.400036729555673 2.714205422331564 2.9733747530382937 0.3978843718848221 242.75597796929267
26.0 2.391718108697775 2.7059515639404332 2.9651598243821273 0.3978928958684034 242.79459408081428
27.0 2.3833490709189005 2.6976512405316013 2.9568985854828473 0.3979015327263589 242.8332327891279
28.0 2.3749391737790613 2.689310301122932 2.9485968874364565 0.3979102771574012 242.87188982902066
29.0 2.366494850937171 2.680934609109878 2.940259879311622 0.39791912455112843 242.9105614470021
30.0 2.3580217630313953 2.6725298272969047 2.931893220297537 0.3979280695314482 242.9492434799401
31.0 2.3495235928649887 2.6641002175560375 2.9235022685729786 0.39793710738860627 242.98793225834305
32.0 2.3410035788243513 2.6556490231210557 2.915091617119733 0.3979462354158811 243.0266254202518
33.0 2.332464567718238 2.6471790952687715 2.906662397636612 0.39795545130407556 243.0653208902754
34.0 2.323909061376457 2.6386929399710377 2.8982171178334224 0.39796475309740753 243.10401684574055
35.0 2.315339257742334 2.630192759033688 2.8897579811857477 0.3979741391544805 243.14271168682603
36.0 2.3067570871065595 2.621680486370875 2.8812869232204203 0.397983608113744 243.18140401021338
37.0 2.2981642440537624 2.6131578199869074 2.8728056435070366 0.3979931588629236 243.22009258583975
38.0 2.2895622156259274 2.6046262501703668 2.8643156338604663 0.39800279051196213 243.25877633638615
39.0 2.280952306147587 2.5960870843460304 2.8558182032000383 0.3980125023690707 243.29745431918215
40.0 2.2723356591055492 2.587541468977869 2.8473144994588964 0.39802229391953164 243.3361257102407
41.0 2.2637132764298307 2.578990408870216 2.838805528890649 0.3980321648069416 243.37478979017595
42.0 2.255091491407716 2.5704372040931354 2.830292173080026 0.39804211481661594 243.41344593178047
43.0 2.2464729625669997 2.5618858535415536 2.821779969495177 0.39805214080840023 243.45208986283203
44.0 2.2378574655967935 2.5533378115500165 2.8132712425557163 0.39806224013289754 243.4907198078873
45.0 2.2292448024265346 2.5447928823185055 2.804765798376795 0.39807241085830064 243.52933596018156
46.0 2.2206347965006596 2.5362508912229664 2.7962634635301797 0.3980826539748177 243.5679384815545
47.0 2.2120272901478963 2.527711682560076 2.7877640835246327 0.3980929704642897 243.60652751983488
48.0 2.2034221422647007 2.519175117229032 2.7792675204873967 0.39810336130279683 243.6451032105467
49.0 2.194818839682785 2.5106410706906237 2.770773651123068 0.3981138274630015 243.68366567841312
50.0 2.1862141548656355 2.5021094311707333 2.762282364916926 0.39812436991625855 243.72221503868303
51.0 2.1776114650969642 2.4935800980792564 2.753793562553749 0.39813498963451976 243.76075139830033
52.0 2.169010677304149 2.485052980618851 2.7453080690246514 0.39814568759205626 243.7992748569343
53.0 2.1604117069497586 2.476527996560899 2.736826131646332 0.3981564647670202 243.83778550788838
54.0 2.1518151556262284 2.4680054520410373 2.728346439846803 0.39816732214286504 243.87628343889983
55.0 2.1432228614814184 2.459486609563985 2.7198695183929273 0.3981782598365247 243.9147682637205
56.0 2.1346344337056453 2.450971953398172 2.7113969691709645 0.39818927635095996 243.9532387378739
57.0 2.1260495269623108 2.442461140457131 2.702928450412066 0.39820037304028905 243.99169515484255
58.0 2.117467835761107 2.433953867557501 2.694463660274094 0.39821155122665275 244.03013777796934
59.0 2.1088890895148604 2.4254498664720643 2.686002331893655 0.3982228122059976 244.0685668441602
60.0 2.1003130481977337 2.41694889958478 2.6775442290403317 0.3982341572532367 244.10698256714113
61.0 2.0917446737406027 2.408452494097394 2.6690891423005545 0.39824558762685885 244.14538514032387
62.0 2.0831835653452986 2.399963378991365 2.660641382615526 0.3982571045730509 244.1837710922882
63.0 2.074628938327477 2.3914810596427984 2.652200603463444 0.398268703166891 244.2221407468608
64.0 2.0660801036140723 2.383004849233631 2.6437661194876805 0.3982803847462283 244.26049466951875
65.0 2.0575364555080484 2.3745341443199943 2.6353373285865813 0.39829215114479677 244.29883335874285
66.0 2.0489974612759303 2.366068414487339 2.626913701714113 0.3983040041223228 244.33715725706745
67.0 2.0404634816115497 2.357607660773509 2.6184947737407707 0.39831594537562853 244.37546675800618
68.0 2.0319358896344326 2.349152793602051 2.610080856248765 0.39832797536628833 244.41376162833365
69.0 2.0234139852643613 2.3407039384760444 2.6016731399100728 0.39834009309914326 244.45204091988487
70.0 2.014897153642875 2.3322604829787417 2.5932710137317354 0.39835230053174786 244.4903051420319
71.0 2.0063848544051246 2.3238218892473057 2.5848739412997257 0.3983645995436806 244.5285547465553
72.0 1.9978753242927765 2.3153876845694463 2.5764814513744994 0.3983769919484417 244.56679013482955
73.0 1.9893666035133084 2.3069574531472887 2.568094677547145 0.39838947950401765 244.60501166412928
74.0 1.9808611299325076 2.298530828885273 2.5597123935250576 0.39840206392226524 244.6432196531611
75.0 1.9723572135479952 2.2901067090825435 2.5513335980069827 0.3984147468772548 244.68141438691427
76.0 1.9638516029807387 2.2816811166576363 2.5429530003145273 0.3984315594667439 244.71957652066553
77.0 1.9553431523600235 2.273252743945865 2.5345692023506343 0.3984509924016781 244.75771606155416
78.0 1.9468322607920594 2.2648223024633007 2.526183540609296 0.39847059275233815 244.79584639074565
79.0 1.9383205210044039 2.2563905545143093 2.517796363328401 0.39849036172824853 244.8339672609667
80.0 1.9298130842482994 2.2479602336803746 2.509409050627875 0.3985103006760324 244.87207755880496
81.0 1.921311772720875 2.2395353718801556 2.501026061380595 0.39853040747169455 244.91017360271354
82.0 1.9128158205668195 2.231116224043252 2.492648982456319 0.39855066881760237 244.94825416319622
83.0 1.9043245557414892 2.2227021210496574 2.484277146211769 0.3985710883235591 244.9863197974733
84.0 1.8958373880021688 2.214292475637912 2.475909966893835 0.39859166945885244 245.02437099838832
85.0 1.8873537984104742 2.2058867719040394 2.467546930136775 0.3986124155745178 245.06240820256647
86.0 1.878873330157767 2.1974845561242433 2.4591875837834514 0.39863332992308254 245.10043179755684
87.0 1.870395580548543 2.189085428736214 2.45083152986547 0.39865441567608983 245.13844212808397
88.0 1.8619201939970804 2.1806890373341967 2.4424784175972905 0.39867567593966635 245.17643950151816
89.0 1.853446855910513 2.172295070550945 2.4341279372574145 0.39869711376836514 245.2144241926603
90.0 1.844975287347117 2.1639032527152673 2.425779814845351 0.39871873217749215 245.2523964479276
91.0 1.836505240352421 2.1555133391876904 2.417433807416841 0.3987405341540992 245.2903564890138
92.0 1.828036493887828 2.1471251122889217 2.4090896990120028 0.39876252266680423 245.32830451608885
93.0 1.8195688502770413 2.1387383777463196 2.40074745907991 0.3987847006745834 245.36624071059526
94.0 1.811104412477221 2.1303542577803647 2.3924089009887077 0.3988070711346606 245.40416523769355
95.0 1.8026399343393291 2.121973584680564 2.3840736989553677 0.39882963085962275 245.44207659272064
96.0 1.7941772281457926 2.113596117482032 2.375741924267748 0.39885238199092055 245.4799747291359
97.0 1.7857168858866017 2.105221437199342 2.367413159732758 0.3988753282536483 245.51786001154468
98.0 1.7772609156188086 2.09684995953047 2.359087037883407 0.3988984733019323 245.55573276451096
99.0 1.7688123863327427 2.088483852419855 2.350765283280581 0.39892182073517995 245.5935915040022
100.0 1.7603702475638856 2.080124539457284 2.34245053676057 0.39894536832012134 245.6314339761258
