1.0 2.6195612475677788 2.937101484756349 3.1936246634231 0.38582708031514557 241.8511533223332
2.0 2.615148550695025 2.9349738836544925 3.1933017872924934 0.38582985444761425 241.89124165454746
3.0 2.606136547040452 2.9283665399290584 3.1886276932656124 0.3856328532772543 241.9286194188565
4.0 2.592204679037213 2.917311357221715 3.179913870779336 0.38544032652859134 241.96898857870005
5.0 2.5739777521513565 2.9019509587644623 3.1668825466781496 0.3852526836775467 242.01257561182246
6.0 2.552007959340089 2.8828391207282404 3.150088473541722 0.38506946135455017 242.05899957090173
7.0 2.527352050490311 2.8607265124211776 3.130023702809582 0.38489028693272065 242.10793228181453
8.0 2.5007762131792908 2.836470140597947 3.107622255757317 0.3847142728768028 242.1587102700771
9.0 2.4725471124359357 2.8105639640172466 3.0835615732357398 0.3845407858243687 242.2108535571807
10.0 2.442586993540551 2.783126607626786 3.0581498796822406 0.38428794607578426 242.2646086692989
11.0 2.4104990709858796 2.7539162774572956 3.031274623259782 0.3840170980850524 242.31976375483572
12.0 2.376529740996311 2.7228598096210646 3.00257779771854 0.3837514519574062 242.3765127969077
13.0 2.3410626914335397 2.6902544460643916 2.9722824475785123 0.3834909135948408 242.43472523400246
14.0 2.305217172237092 2.656798026299679 2.9407300106476173 0.3832351174976985 242.4941717461343
15.0 2.2690841269430164 2.6230453328602725 2.9088674388243305 0.3830165561649357 242.55392044362696
16.0 2.232758200540674 2.589075318562547 2.876751986473416 0.3828611214642184 242.61377734494096
17.0 2.196005750435836 2.5548470994952153 2.8445217508796494 0.3827074127035828 242.67399474020473
18.0 2.15833267741579 2.5200235299153744 2.811977184185331 0.38255584509657614 242.7347506821033
19.0 2.119931351358596 2.4844715092794427 2.7786962836218625 0.3824072518132176 242.79642251421413
20.0 2.0811996164116713 2.448466667418273 2.7448498829263452 0.3822615775448627 242.8588915987137
21.0 2.042965442434586 2.412576763653868 2.7107837535651176 0.3821184381712726 242.9218792610875
22.0 2.005222048193324 2.377180664780609 2.677208668900558 0.38197670382259785 242.9847667796178
23.0 1.9679621704292756 2.3422711207020277 2.6441173484520415 0.3818364213771111 243.04753656493102
24.0 1.9311331516280326 2.307819418207504 2.611502112418547 0.3816976407666256 243.11013329311692
25.0 1.894038446636403 2.2734737144979844 2.579316735607103 0.38156049417643756 243.17265709065165
26.0 1.8565159869380166 2.2388456352041013 2.546969572704059 0.381426304073376 243.23565233940383
27.0 1.8187042535325826 2.2039295597763027 2.5143261898200966 0.3812955823005815 243.2991868669011
28.0 1.7815765180864702 2.169240236004873 2.481507080682462 0.38116831640497284 243.36321435218602
29.0 1.7451873542147314 2.135243059894013 2.449334419605105 0.3810427515678565 243.42697048407817
30.0 1.7094865228623963 2.101937764929945 2.417851200128893 0.38091878976460747 243.49038232620717
31.0 1.6744288960606162 2.069279175049192 2.3870121286451607 0.3807965454614713 243.5534119558514
32.0 1.639973959821678 2.037226735083545 2.356776533880141 0.38067613599373773 243.6161611137339
33.0 1.6053741718159915 2.0054091489619754 2.327107901837042 0.3805576818709773 243.6786508204261
34.0 1.5705321779597674 1.9734565581791699 2.2973817068215343 0.38044310988246216 243.74147093595815
35.0 1.5357327378074561 1.9414830657985047 2.267577334713981 0.38028227408038273 243.80500002784342
36.0 1.5017899542626925 1.9099737568235844 2.237892112084134 0.38011172474307775 243.86883529468702
37.0 1.4685500979845267 1.879208536838048 2.208982217662002 0.37994420604239076 243.932173905064
38.0 1.4359546293725771 1.8490906625926347 2.180716339317771 0.3797803957640036 243.99506608852158
39.0 1.4039521909263748 1.8195686679727925 2.153042759866477 0.379620610175662 244.05757482629463
40.0 1.3724977263091565 1.790597393205641 2.125916075007096 0.3794651720450085 244.11976722640767
41.0 1.3409524267376876 1.7618545016889475 2.0992963951183685 0.3793144121098801 244.18166970153567
42.0 1.3090715466507574 1.73294909763107 2.0726579469691213 0.37917211894835634 244.2437646511237
43.0 1.2773178758156372 1.703991555056818 2.0458013734380236 0.37904039964930414 244.30631873750633
44.0 1.2463296677831093 1.6754690382054551 2.0190838309341705 0.3789346490220478 244.36882503616678
45.0 1.216012822154251 1.647609567961877 1.9930106971496644 0.3788604494245981 244.4306299064113
46.0 1.1862962204065366 1.6203534387808918 1.9675380272106762 0.37878964969301426 244.4919116474643
47.0 1.1571193750163922 1.5936400946300164 1.9426049087601693 0.3787226115971836 244.55278724783642
48.0 1.1284308465840938 1.5674180294446372 1.9181595007277752 0.3786597025184557 244.6133196177779
49.0 1.1001441567999697 1.5416233499270982 1.8941576466792964 0.3786012981671299 244.67354489851593
50.0 1.0713205355600637 1.5157757368096172 1.8705274973952468 0.3785480118637459 244.73346822425333
51.0 1.0420995054700706 1.4895483194080235 1.846517367248752 0.3785053062923794 244.79400496447963
52.0 1.0134367164987377 1.4634457379395054 1.822241329952772 0.3784734444945213 244.85506458310294
53.0 0.9853778284723129 1.437892469098863 1.7984607207274017 0.3784475760519027 244.91572359811875
54.0 0.9578484124635941 1.4128711555178308 1.7752082721708398 0.378427612864902 244.97587655661192
55.0 0.9307865298012463 1.38831974064505 1.7524213659497099 0.378414234616065 245.03556461740996
56.0 0.9041405668321496 1.3641864761532574 1.7300477245999668 0.3784081419637704 245.0948977623111
57.0 0.8778674002087893 1.3404280832197502 1.7080435644951815 0.3784100644484663 245.15391346691277
58.0 0.8519308495081275 1.3170082010627673 1.6863720361614412 0.378420769238293 245.21264148871558
59.0 0.8256398859561869 1.2935846687203232 1.6650019117587314 0.3784410707805934 245.270998415263
60.0 0.7989390955507717 1.2698484356222464 1.6433892797538407 0.3784779369687836 245.32976004346477
61.0 0.7727116642355761 1.2461882724253137 1.6214908088400022 0.3785337534773799 245.3889749185827
62.0 0.7469593875509378 1.222967987689538 1.5999953451939273 0.3786014861425432 245.4477559099116
63.0 0.7215851443415615 1.2001410720289902 1.5789001031251733 0.3786817931378722 245.5060345056915
64.0 0.6965392565758015 1.1776423850221989 1.5581252091361557 0.3787765484776157 245.56387762410463
65.0 0.6717746167433681 1.1554221769391337 1.5376278937608696 0.3788873810755226 245.62137945234966
66.0 0.6472247774555382 1.1333970462952492 1.517300002979468 0.3790573315738295 245.6782403992827
67.0 0.622835793369898 1.1115123585727684 1.497077356024428 0.3792923510659194 245.7344723588575
68.0 0.5985830966070422 1.0897548825103291 1.4769648149866674 0.3795627303490471 245.79030081661995
69.0 0.5739982167217158 1.0678892964711857 1.456937638148485 0.37987229651001325 245.84572945034267
70.0 0.5489122680438732 1.0456399137767975 1.4366146613708677 0.38023805368732444 245.9011818991952
71.0 0.5239978522884924 1.0232879761915312 1.4158891727100098 0.3806494810297617 245.95693233575454
72.0 0.49950822431131897 1.001295592434674 1.3954928843567453 0.38097281440899755 246.01332031384098
73.0 0.47534662043292625 0.9796195814102403 1.3753976856443504 0.3813328818512754 246.06899278167188
74.0 0.45143283962339237 0.9581771093017064 1.3555177672752101 0.38173563432221025 246.1239784096851
75.0 0.42764327690603143 0.9368706335931715 1.3357785118119463 0.38218787840573565 246.17836672792362
76.0 0.40389433555524773 0.9155814355218078 1.3160689093619533 0.38269925366688595 246.2322083965671
77.0 0.38008552365237014 0.8940609645422569 1.2960777474887557 0.3834057280405633 246.2844506801372
78.0 0.3558039153930967 0.8720128077614523 1.2752125356330262 0.3845838380653652 246.33286709935308
79.0 0.33153765599912793 0.8501122296766036 1.2547475512382984 0.38537412703126117 246.38509272893504
80.0 0.30721658045577294 0.8280843310136055 1.2341186931694839 0.3862791818859855 246.43634535931506
81.0 0.2828056888039377 0.8056931727745692 1.2130934005731688 0.38739350049487775 246.4859437649319
82.0 0.25761248251155283 0.7824102926584369 1.1907061457449728 0.3892053351493306 246.52977824798913
83.0 0.23240918703070437 0.7589186254626696 1.168428306150671 0.3906734016043597 246.5774582048643
84.0 0.20617862296393255 0.7342339603710347 1.1443582604814106 0.39308151441485467 246.6171750626406
85.0 0.17975864577348435 0.7092665220661076 1.1201349651126102 0.39519663009717104 246.66057414876968
86.0 0.15254136373223032 0.6840425428385954 1.0953812979352218 0.3975223681271097 246.702402017542
87.0 0.12588109659781066 0.6602877439564778 1.0729154002052426 0.39838709677419376 246.7577022088053
88.0 0.09953943413567347 0.6377289589019677 1.0526055933758678 0.39838709677419376 246.8197431615782
89.0 0.07378738953102947 0.6156539108986957 1.032611424896131 0.39838709677419376 246.88156676131777
90.0 0.048308013144108826 0.5940180834638441 1.013119868603119 0.39838709677419376 246.94284036503836
91.0 0.022823738748944184 0.5725699692188755 0.9939063293942972 0.39838709677419376 247.00393204589489
92.0 -0.000352385802135748 0.5830352785504026 0.9747780771393265 0.39838709677419376 247.06502603776832
93.0 0.23184597902822468 0.8520769953283898 1.4140396045338932 0.30867443676448997 247.26866157642004
94.0 0.14754709330869387 0.70171970277151 1.1343460144918185 0.3904869479033243 246.9456275895796
95.0 0.07200488772721791 0.6283458404755468 1.0575785826153261 0.39838709677419376 247.0078616607658
96.0 0.008523782550636953 0.5711846950066297 1.0028626240874006 0.39838709677419376 247.12780430594148
97.0 -0.008803912824307295 0.5508356965580471 0.9573086737218358 0.39838709677419376 247.2344167416354
98.0 0.21759798747631998 0.8689205210997218 1.4854658867962833 0.3089140787319269 247.43511230119202
99.0 0.10657422193526639 0.6739693529257311 1.1164008748673848 0.3907265898707612 247.11265118808222
100.0 0.008710008160551593 0.5811242128012617 1.0211897309858968 0.39838709677419376 247.20838102651246
