1.0 2.457009075458273 2.8349960991607657 3.1427726714801505 0.38506560898564574 242.50635220026894
2.0 2.448067831747308 2.828515837760912 3.1382591803684767 0.38489629009861914 242.54311103827206
3.0 2.435003597966731 2.818030862745624 3.129886740459673 0.38445322521225017 242.58489170883362
4.0 2.417446590519594 2.803555653006729 3.1179648018759756 0.38402248719231513 242.62969146677912
5.0 2.3958469270381735 2.785137667518029 3.102181494231473 0.38360559143027084 242.67781199365263
6.0 2.3715689323211904 2.7636238357692378 3.0829336353432057 0.383201782216546 242.7289637781993
7.0 2.345455259618495 2.740038534744342 3.0614039552844967 0.38280752661735684 242.782164406902
8.0 2.3178016342960897 2.7149135268740836 3.0383236400653844 0.382420709157678 242.83679272636888
9.0 2.288865291267985 2.688528875949668 3.013995492759568 0.3819961624633104 242.8929385249334
10.0 2.2577484359308877 2.6604161445886354 2.9886841220270943 0.38149496868026717 242.9506534046673
11.0 2.2259930097403404 2.6290493729365068 2.9566771583967584 0.3859764212458673 242.9822970177559
12.0 2.193592720944051 2.5990593630884207 2.928582846522567 0.3859043988594323 243.03992138264982
13.0 2.1597347855244804 2.5681163164263543 2.899980861638475 0.38583345619407616 243.0982141010265
14.0 2.124539709075021 2.5359162872087473 2.8701851444535476 0.3857642611907325 243.1577615960855
15.0 2.0890886151186603 2.5030236597513364 2.839305287423279 0.385696853539203 243.21856890585315
16.0 2.053699673233895 2.470092765309266 2.808293329736913 0.38560040063915935 243.27997309175882
17.0 2.0184209315962627 2.4372946383024865 2.7774362875311107 0.3854599079147192 243.34181640598126
18.0 1.9832929099342445 2.4046495929407983 2.7467284652587067 0.3853213078099106 243.40373236358522
19.0 1.9483498941367672 2.3721919981371644 2.7162042630098733 0.38518461331424947 243.465729185155
20.0 1.9136206717963167 2.339950694932393 2.685892561780941 0.3850498442669411 243.52779926643038
21.0 1.8783394095389778 2.3075759482828437 2.65581733360629 0.3849170271778586 243.58991697376248
22.0 1.8424376235008797 2.274699670348733 2.6253381317191975 0.3847878274246154 243.6526647365146
23.0 1.8070223575434423 2.241811587185173 2.5944022537136746 0.38466265742203753 243.71613812936909
24.0 1.7721801471041472 2.209443935121511 2.5639348671761195 0.38453935692728947 243.7794416886098
25.0 1.7378761553142343 2.1776176863960917 2.534005990635975 0.38441777165302865 243.84249181256422
26.0 1.7040529525613772 2.1462893176066995 2.5045844704320337 0.3842980086705139 243.90524214436937
27.0 1.6706260042170786 2.1153928583672466 2.475620717654663 0.38418024300818704 243.96776589640555
28.0 1.6375859683060712 2.0848863366034447 2.447043200587925 0.3840647416387537 244.03016017674727
29.0 1.6046627656654249 2.054637021075977 2.418842817554519 0.3839516033576222 244.0924258825605
30.0 1.5711403680270675 2.0241892687443603 2.3907965926557866 0.38384166631059397 244.15473860089446
31.0 1.5378797781073115 1.9936399768004838 2.362318580886564 0.38373720106430076 244.21775659927312
32.0 1.50525707924207 1.9635394801734474 2.3341160607026987 0.3836360325855856 244.28075474933826
33.0 1.4732149961417589 1.93402291706614 2.306494582835196 0.38353712341998614 244.34338410596249
34.0 1.4421015028814592 1.9052572082445076 2.2794045862127947 0.38344067906119955 244.40562889917726
35.0 1.4116448880554364 1.8777162314510447 2.2542831628188855 0.38244150784870906 244.47335118540673
36.0 1.3815672805484236 1.8501960351385163 2.228675097131445 0.38229297928187594 244.53488992478972
37.0 1.3518499733235734 1.823038608159222 2.203424956285798 0.3821496748962721 244.59623846481298
38.0 1.3216711070341047 1.7958453125831797 2.1785157999640625 0.38201189753879533 244.6573530105477
39.0 1.2913930052340952 1.7684392119422125 2.1532833871067205 0.38188527815071227 244.71898870732613
40.0 1.261626739803584 1.7412622808910936 2.1280215535145026 0.38176825911951523 244.78086417125448
41.0 1.2323241446940791 1.7145514477177137 2.1032211518443513 0.38165712563243787 244.84240146745148
42.0 1.2034443645101527 1.6882657110577222 2.0788408022346023 0.3815523879540963 244.90360913888097
43.0 1.1749526586731873 1.6623701818102945 2.0548452517936897 0.38145456434482866 244.96445324728842
44.0 1.1468193800768625 1.6368350588047709 2.0312043460898326 0.38136418555703794 245.02504196036887
45.0 1.1190191062023414 1.611634757052191 2.0078921533122647 0.38128179952044117 245.0853929801411
46.0 1.0915299024739231 1.5867471682962004 1.9848862208241176 0.3812079762311604 245.1455202685995
47.0 1.0636499660694567 1.561829072209979 1.9621669457196063 0.3811433128776131 245.20534865247302
48.0 1.035774812145866 1.5367752572150535 1.9391766387640899 0.3810952580459045 245.2656048369191
49.0 1.008405214337948 1.5119866475308694 1.9162285075057617 0.381061185633267 245.32592745133852
50.0 0.9814762709480068 1.4876397650417172 1.8937162799186338 0.38103661919783544 245.3858214995907
51.0 0.9549344856746584 1.4636808095507865 1.8715854249071107 0.38102260095384444 245.44531032107037
52.0 0.9287208065616335 1.4400581918881739 1.849790660663151 0.38102019060356235 245.50437046062913
53.0 0.902727121341216 1.4166949830574345 1.8282825253360688 0.381030669195665 245.5631345439966
54.0 0.8769425402273079 1.393540436655421 1.8069732528244051 0.38105617032664085 245.6216943819164
55.0 0.8513566840105985 1.370583733699956 1.7858514947287165 0.3810977961453033 245.68004697852717
56.0 0.8259595085827935 1.3478143357774566 1.7649061409207587 0.381156751447859 245.73813904441903
57.0 0.7999855335194104 1.3248632499084765 1.7441261507838683 0.3812343578074759 245.7959491087674
58.0 0.7742970501417502 1.3018237756951472 1.7229111693167385 0.38134484842197636 245.8542646903749
59.0 0.7489540032738978 1.2790756278039492 1.70193164902584 0.3814764889034726 245.91223256837486
60.0 0.7239030556817284 1.2566157924846741 1.6812289592818643 0.3816295272500647 245.9697754958817
61.0 0.6991000761189272 1.234399202746693 1.6607567002147245 0.3818063298249694 246.02687069131565
62.0 0.6745080002809992 1.212387736093596 1.6404753958128737 0.38200942410829153 246.08353183394968
63.0 0.6500950937293644 1.1905484563941293 1.6203507068644893 0.3822415438038219 246.13983124130627
64.0 0.6255260101806056 1.1686419650050295 1.6003519601956124 0.3825056789538914 246.19577248904966
65.0 0.6006652003869943 1.1460528884085683 1.578942803494332 0.3835424836146881 246.24559967768135
66.0 0.5761185934402627 1.12414358081923 1.5587660760093736 0.38376845662158826 246.30254297081478
67.0 0.5518119196180309 1.1024766860677653 1.5388257566774872 0.3840205673180843 246.3589090459232
68.0 0.527606986386358 1.0809536078369475 1.5190581854830383 0.38430255914626826 246.41484651903903
69.0 0.5031849078790227 1.059361814935595 1.499349871688849 0.3846203076281647 246.47046478710752
70.0 0.4790428621458166 1.0378054572482633 1.4794467704859973 0.384985361529323 246.52603014246384
71.0 0.4551093467069323 1.016447232290954 1.4597182641169153 0.38539121693044204 246.5810179363707
72.0 0.431578112066766 0.9959822207096226 1.4401395842684472 0.38582263782420534 246.63557519401184
73.0 0.41121136471409553 0.9795152273794843 1.4278193917903055 0.3825703505982435 246.7212301369948
74.0 0.389568345634363 0.960083709477282 1.4097738168707588 0.38361270995357005 246.76654055387715
75.0 0.3668561971380198 0.9394835156820421 1.390454395186011 0.3848561474099347 246.81163613648673
76.0 0.34320623693725244 0.9178367387496146 1.3699777982428467 0.3863122870649907 246.85618081137716
77.0 0.3186956083257843 0.8952374775173049 1.3484070762691638 0.38799918833014996 246.8998464090833
78.0 0.2934821471194657 0.8719285298159016 1.3260370073007879 0.3897898522697851 246.94364515370327
79.0 0.2678385624485941 0.8481893926709265 1.3033372131741334 0.3915006606508251 246.98893553209274
80.0 0.24160929601630754 0.8238006041813406 1.2798659871685412 0.39345832658211854 247.0325940053697
81.0 0.21488345090135091 0.7989422809451052 1.2558487859911966 0.3954864857990019 247.07635754340163
82.0 0.1879198637905552 0.7739539490845302 1.231778076205201 0.39737535942752733 247.12192663288332
83.0 0.16067656187580073 0.7490910977216214 1.2077855133312219 0.39914769244549547 247.1688240310967
84.0 0.1337247713876642 0.7253662251277291 1.1854966385738013 0.4000000000000002 247.22410957082522
85.0 0.10761725579785479 0.7030046292821746 1.1652239526045156 0.4000000000000002 247.2866051307233
86.0 0.08188782769433242 0.6812333941385696 1.1456293650363185 0.4000000000000002 247.34812396507368
87.0 0.056016506950794076 0.6596495761928161 1.126384976018368 0.4000000000000002 247.4092371911675
88.0 0.029548629665214144 0.637881228177757 1.107135289307093 0.4000000000000002 247.47064081463012
89.0 0.0020236104777065634 0.6155817851665942 1.0875773089210334 0.4000000000000002 247.5328899916303
90.0 0.0 0.6201476867741302 1.0674121557132645 0.4000000000000002 247.5965017562784
91.0 0.2393896221339995 0.9294046102563496 1.5693488240860511 0.30942477847840066 247.73714781209463
92.0 0.14657526820282513 0.7603426395223036 1.2421338173349703 0.3928501928430414 247.43237460438394
93.0 0.06398967442858387 0.681933946757858 1.161321162036227 0.4000000000000002 247.51100740093378
94.0 0.0 0.6444122373465065 1.1027821649155243 0.4000000000000002 247.64051576802692
95.0 0.19244993999690402 0.8834577132952891 1.5122068163899172 0.3131951298740222 247.88068135742455
96.0 0.08221423335939626 0.7075853723520433 1.1953598161884902 0.39662054423866294 247.57536811854035
97.0 0.0 0.6467601889711456 1.1103812217354758 0.4000000000000002 247.70812230024237
98.0 0.18779749400814405 0.8914738617307291 1.5381079947665715 0.3130473387392978 247.97665596515168
99.0 0.05862692227586632 0.6931356008012346 1.1876473555907214 0.39647275310393854 247.67183835148074
100.0 0.0 0.6263845367293919 1.089327938184234 0.4000000000000002 247.82616446708755
