0.0 2.6231970483021265 2.9105554452263545 3.1642500718983757 0.39449280386595786 244.267963098522
1.0 2.633113773196627 2.922008849592746 3.1770919500476156 0.3942117107049001 244.2760565437761
2.0 2.638276484956615 2.928690806715825 3.1851104167923903 0.39411715994653057 244.29185537265226
3.0 2.6391481185754198 2.9310843366174346 3.188835423095602 0.3940230219577381 244.31478157298326
4.0 2.6361435713240153 2.9296051228827658 3.18868240989473 0.3939292554464414 244.34407764899922
5.0 2.6296300991155963 2.9246238887750424 3.185024770907584 0.39383582469761447 244.37910118430187
6.0 2.619923298461988 2.9164659139357387 3.178193847598615 0.3937426991302469 244.41931209127904
7.0 2.607329651358025 2.905423918607414 3.1684750167065237 0.39364985335093633 244.464269735035
8.0 2.5921264715724615 2.891775177127731 3.156145945793483 0.39355726323422097 244.51356326150878
9.0 2.5745650972248724 2.8757710052673056 3.1414584260579126 0.3934649074820624 244.5668361628403
10.0 2.554873639219782 2.85763950469544 3.1246422054224574 0.39337276721549735 244.62377772173392
11.0 2.533259359820104 2.837587938480654 3.1059031822251866 0.3932808256385858 244.68410848603818
12.0 2.5099107416834623 2.815804797742543 3.0854300916203963 0.39327366182204826 244.74753611821464
13.0 2.4849992965816194 2.792461608515184 3.0633946773101743 0.39327366182204826 244.81390435923393
14.0 2.4585133874751737 2.7676260449120518 3.03995328320499 0.3928026178093905 244.88302829734047
15.0 2.4307490319239533 2.741448369341943 3.0150969047150933 0.39271136018347397 244.95501072765163
16.0 2.401837183460615 2.714126057411106 2.9890940877153778 0.3926202423335722 245.02941497543495
17.0 2.3718970325921434 2.6857783272989484 2.9620642016669296 0.3925292553691274 245.1061172283918
18.0 2.3410370044803095 2.6565136330210004 2.9341158410881625 0.392438391276968 245.18504784828514
19.0 2.3093556534326365 2.6264305585469594 2.9053477215400143 0.3923476428357352 245.26610717480975
20.0 2.2769424675907532 2.5956186222218784 2.875849485662287 0.39225700354270104 245.349083539286
21.0 2.2438785950581885 2.5641590027018046 2.845702430514617 0.3921664675510228 245.43401817375846
22.0 2.2102312724497373 2.5321229647226597 2.8149801656949665 0.39207602961583393 245.5208459103515
23.0 2.1760535674476813 2.499568567350314 2.783743612059664 0.3919856856671724 245.6093952727769
24.0 2.1414077500292574 2.4665488996969667 2.7520407909860523 0.3918954328900181 245.69974508456693
25.0 2.1063498227169535 2.4331199869462594 2.719927832460327 0.3918052674112758 245.79187006781686
26.0 2.070929987169296 2.3993311021217467 2.6874550636882115 0.391715185824398 245.88557607086867
27.0 2.0351930691193583 2.365226878163496 2.6546674348848427 0.39166075859624183 245.98099326732486
28.0 1.9991789052755358 2.3308483423635233 2.621604907010229 0.39166075859624183 246.0780441817156
29.0 1.962922695230704 2.2962307138405373 2.5883028045042473 0.39166075859624183 246.17665221071056
30.0 1.9264553208979356 2.261404893093399 2.55479213555984 0.39166075859624183 246.27693201568624
31.0 1.8895960774120717 2.226289893897221 2.5210998820497106 0.3910797722490392 246.3787303090893
32.0 1.852567536991721 2.1909237420001046 2.4870634234795483 0.39099018511920464 246.4825901653319
33.0 1.8153902276463285 2.1554118661589206 2.4528811740268526 0.39090067121379674 246.58810133539882
34.0 1.7780812283467418 2.119771358335774 2.4185703565204393 0.39081123015410074 246.69522271851469
35.0 1.7406543571317759 2.0840160473988467 2.384144939009323 0.3907218619244502 246.8041156432917
36.0 1.7031203331248108 2.048156660691232 2.349615797941919 0.39063256687492853 246.91459669499528
37.0 1.665486912509951 2.0122009594386507 2.3149908554147194 0.39054334572755695 247.02693870883115
38.0 1.6277589981260616 1.9761538476314742 2.280275190168795 0.3904541995862781 247.14099391905884
39.0 1.5899387219259442 1.940016411319284 2.2454711216193073 0.39036512995114614 247.25697302583993
40.0 1.5520254990628113 1.9037880908079514 2.2105782657012853 0.39027613873725514 247.37483096792147
41.0 1.5140160518197443 1.8674666068870163 2.1755935607980854 0.3901872282990812 247.4947187148501
42.0 1.4759044009020528 1.8310459548616214 2.1405112613187027 0.3900984014610939 247.61667836734037
43.0 1.437681820795491 1.7945173726996846 2.1053228956891745 0.3900478553704354 247.7408350327337
44.0 1.3993367548325182 1.757869253402497 2.070017184476793 0.3900478553704354 247.86728914575866
45.0 1.3608546843225093 1.7210870107403535 2.034579913098701 0.3900478553704354 247.99618313827727
46.0 1.3222179443942008 1.6841528908069163 1.9989937518844088 0.3900478553704354 248.12764049277033
47.0 1.2834054770363768 1.647045719600986 1.963238014127715 0.3900478553704354 248.26187650706888
48.0 1.2443925089272763 1.6097405738762076 1.927288339925022 0.3900478553704354 248.39899450066386
49.0 1.2051501378860046 1.5722083585870965 1.891116289874848 0.3900478553704354 248.53935475784394
50.0 1.1653482932433739 1.5342602539531105 1.854688827692373 0.38922145644886097 248.68298773307947
51.0 1.1252440311035456 1.4958848865931424 1.8177003614839873 0.3891336849438187 248.831347962158
52.0 1.0847913391354542 1.4571624107769894 1.7803723328425451 0.38904606831570365 248.9836393531176
53.0 1.0439368032597078 1.4180372830956027 1.7426521127285544 0.3889586207371514 249.1404352449883
54.0 1.0026181883278715 1.3784478135217286 1.7044783747045038 0.38887135874153006 249.3021787852179
55.0 0.9607626072457067 1.3383205525195894 1.665779292270346 0.3887843017429339 249.46920871526314
56.0 0.9182841353779987 1.2975683697224702 1.626470189897288 0.3886974727134515 249.642379965298
57.0 0.8750806643528464 1.256087554098906 1.5864504450425356 0.38861089907769164 249.82239728825553
58.0 0.8310296933447407 1.213753448108879 1.5455993437963702 0.38852461391305737 250.00996030629278
59.0 0.7859826051278374 1.170414488895214 1.5037704441874447 0.38843865758935 250.20639290415832
60.0 0.7397567310278516 1.1258839126898044 1.460783761350584 0.388434952144629 250.4130536126432
61.0 0.6921241044461345 1.07992793748734 1.4164146894199072 0.388434952144629 250.6316589392351
62.0 0.6427951057249834 1.0322484709557198 1.3703778859728728 0.388434952144629 250.86442165493742
63.0 0.591349762841124 0.9824408413552816 1.3223031061640802 0.388434952144629 251.11421973218754
64.0 0.5372519045646476 0.9299443423636301 1.2716549185964277 0.388434952144629 251.38535838746785
65.0 0.47979596708920563 0.8740086011772077 1.2177196519191844 0.388434952144629 251.68351304891434
66.0 0.4178459433826714 0.8135226191845568 1.1595082865061417 0.388434952144629 252.01708446055406
67.0 0.3497213230817277 0.7467190055660534 1.095403855441835 0.388434952144629 252.39982941058696
68.0 0.2725327720551393 0.6706361309765264 1.02282983941596 0.388434952144629 252.85408986809585
69.0 0.1804802542381181 0.5794194851621203 0.9370059569571053 0.388434952144629 253.42344462400294
70.0 0.05926367741966463 0.45835436653758266 0.8272493934866374 0.388434952144629 254.20913524143216
71.0 -0.0020539645489607225 0.3816213363177603 0.901729923120644 0.388434952144629 254.27601856538902
72.0 0.8702894985482723 1.2591349695944236 1.7357167542534797 0.31546426278690565 250.8046421682809
73.0 0.7631014338024996 1.1706841281497216 1.5250973874998544 0.3859490555892707 250.43036783467667
74.0 0.6581305583432809 1.0674010965736165 1.4236435495268305 0.386312210046272 250.87955562960778
75.0 0.5533417969068428 0.9641809375274412 1.3223549707494988 0.38682204891882255 251.36070673633697
76.0 0.44697218670693184 0.8592052113056838 1.2199370685168431 0.38682204891882255 251.8895595611454
77.0 0.33521479181831165 0.748520265351827 1.1126864378394081 0.38682204891882255 252.48931363898237
78.0 0.2110697187641744 0.6249663552133498 0.9946662241905279 0.38682204891882255 253.20977590790162
79.0 0.0569665393291216 0.4705389659202172 0.8530583769433208 0.38682204891882255 254.17070455709992
80.0 -0.00781722431497255 0.3607869658815878 0.849601184555496 0.388434952144629 254.88147126813968
81.0 0.8009663723736338 1.203514555349275 1.6954156832785816 0.3146919533363181 251.33018284499013
82.0 0.6604537619487807 1.083048114145808 1.4514386437083775 0.3850304857716241 250.93784145542634
83.0 0.5214948352639962 0.9455148131289023 1.3162005946862252 0.38605416435514545 251.5598983505299
84.0 0.37992816372224353 0.804975091970932 1.1787710548604142 0.38682204891882255 252.26230541951628
85.0 0.22856177605615996 0.6540189286314823 1.0334681872668507 0.38682204891882255 253.09904282109477
86.0 0.04650920710993962 0.47106068564120557 0.8649776087127413 0.38682204891882255 254.2035825010329
87.0 -0.001773095745922609 0.33121385110415213 0.7753259301236974 0.38682204891882255 255.67999182607863
88.0 0.7276933392926807 1.1396838492224033 1.645492066228535 0.31418544375600177 251.83885242842254
89.0 0.560889711350514 0.9953060946736343 1.3753015628873395 0.38305989065914586 251.4225453692959
90.0 0.39282279022853067 0.8281456098258776 1.211234410419454 0.3847288842691856 252.21574280705795
91.0 0.2148551155163946 0.6502222309018418 1.0395547278495774 0.3852413122679918 253.17294419561327
92.0 0.0007711174610296704 0.4331100031243398 0.8412776976387336 0.38682204891882255 254.46920940762553
93.0 -0.004648787021938147 0.26424093968588414 0.6471767559269217 0.38682204891882255 256.9482938844928
94.0 0.6306249825059858 1.0478970862158021 1.5693326859898236 0.3143845441752482 252.46558249241988
95.0 0.4408847540257776 0.8849333376264247 1.2754092706322557 0.38311017338474773 252.0087934821518
96.0 0.24323449157937876 0.6872102025109629 1.0830477873307356 0.3852091456930161 253.01468024286223
97.0 0.012696462655352552 0.4540663261726455 0.8683632088101952 0.3852091456930161 254.36485679677088
98.0 -0.015405529313882237 0.27356439568988306 0.6563494339410404 0.38682204891882255 256.8768403584151
99.0 0.6133323575990486 1.039870149263376 1.5680894594350947 0.3137338995534711 252.68079326565532
