0.0 1.95836120012 2.62393975294 3.22009566368 0.0 246.546024244
1.0 1.95598396559 2.62330844097 3.22101177717 0.0 246.569523851
2.0 1.94944258703 2.61852973137 3.21776528524 0.0 246.603214577
3.0 1.94006161715 2.6109179489 3.21167991638 0.0 246.643851165
4.0 1.92873834304 2.60137119584 3.20365280337 0.0 246.689269526
5.0 1.91607519707 2.59051523366 3.1943101973 0.0 246.737971617
6.0 1.90252276121 2.57878384408 3.18408741459 0.0 246.788919508
7.0 1.88838994137 2.56647605745 3.17328455803 0.0 246.84139752
8.0 1.87388346177 2.55379780639 3.16210831046 0.0 246.89487264
9.0 1.85914544239 2.54089065682 3.15070076225 0.0 246.948944965
10.0 1.84427335092 2.52785168952 3.1391593599 0.0 247.003471908
11.0 1.82933382863 2.51474727657 3.12755072959 0.0 247.058291802
12.0 1.8143694136 2.50162091467 3.11592025673 0.0 247.113293345
13.0 1.79938883768 2.4884892972 3.10429681828 0.0 247.168404968
14.0 1.78442129924 2.47537238507 3.09268656178 0.0 247.223612266
15.0 1.76948641999 2.46228971684 3.08110910576 0.0 247.278784373
16.0 1.75459728657 2.44925432363 3.06957753462 0.0 247.333898911
17.0 1.73976253885 2.43627480906 3.0581004866 0.0 247.389000821
18.0 1.72498779999 2.42335677348 3.04668358371 0.0 247.444074392
19.0 1.71027630854 2.41050378651 3.03533040831 0.0 247.499108949
20.0 1.69561734558 2.39771804936 3.02404642875 0.0 247.55409724
21.0 1.68102531893 2.38500084453 3.012831971 0.0 247.609034328
22.0 1.66650089504 2.37235284022 3.00168543437 0.0 247.663777917
23.0 1.6520443293 2.35977429583 2.99060707559 0.0 247.718448548
24.0 1.63764725745 2.34726256086 2.97959687941 0.0 247.773060058
25.0 1.62330252513 2.33481162572 2.96864929684 0.0 247.827626033
26.0 1.60901552548 2.32242001387 2.95775961692 0.0 247.882158099
27.0 1.59478960296 2.31009105427 2.94693118313 0.0 247.936645774
28.0 1.58062675496 2.29782673646 2.93616599211 0.0 247.991058977
29.0 1.56652809655 2.28562817278 2.92546515842 0.0 248.04528037
30.0 1.55249416737 2.2734959036 2.91482922129 0.0 248.099442051
31.0 1.53851384473 2.2614300982 2.90425834671 0.0 248.153541932
32.0 1.5245881951 2.24942655597 2.89375245986 0.0 248.207578573
33.0 1.51070407197 2.23747381442 2.88330700507 0.0 248.261563371
34.0 1.4968698297 2.22557282422 2.87291174022 0.0 248.315524425
35.0 1.48309061547 2.21372870164 2.86257181157 0.0 248.3694026
36.0 1.46936951998 2.20194452084 2.85229031001 0.0 248.423110795
37.0 1.45570832041 2.19022205182 2.84206901355 0.0 248.476761881
38.0 1.44210795829 2.17856223506 2.83190886506 0.0 248.530351581
39.0 1.4285688461 2.16696548597 2.82181177511 0.0 248.583877093
40.0 1.41509106308 2.15543188936 2.81178072487 0.0 248.63733655
41.0 1.40167448006 2.1439613233 2.80181122432 0.0 248.690728683
42.0 1.38831379124 2.13255353773 2.79190301719 0.0 248.744010599
43.0 1.37500341981 2.12120820415 2.78205576807 0.0 248.797098694
44.0 1.3617530868 2.10992494693 2.77226909405 0.0 248.850116898
45.0 1.34856237672 2.09870336294 2.76254258442 0.0 248.903064795
46.0 1.3354308586 2.08754303383 2.75287581307 0.0 248.955942026
47.0 1.32235809363 2.07644353365 2.74326834618 0.0 249.008748264
48.0 1.30933150329 2.06540071436 2.73371974697 0.0 249.061483203
49.0 1.29635270888 2.05440988377 2.72422240106 0.0 249.114158014
50.0 1.28342566033 2.04347284892 2.71477716743 0.0 249.166620168
51.0 1.27055256767 2.03259180494 2.70538625671 0.0 249.219020272
52.0 1.25772613631 2.02176288768 2.69605082601 0.0 249.271353247
53.0 1.24493372237 2.01097687077 2.68676647275 0.0 249.323631451
54.0 1.23217376497 2.00023632492 2.67752575047 0.0 249.375877202
55.0 1.21945681732 1.98954653512 2.66833399219 0.0 249.428072556
56.0 1.20679126615 1.97891046307 2.65919418496 0.0 249.480206696
57.0 1.19417869907 1.96832968837 2.65010792003 0.0 249.532149441
58.0 1.18161987603 1.9578049723 2.64107596193 0.0 249.583969739
59.0 1.16911506932 1.94733659408 2.63210460282 0.0 249.635715379
60.0 1.15666426565 1.93692455087 2.62318806283 0.0 249.687384792
61.0 1.14426728585 1.92656867607 2.61432595984 0.0 249.738976931
62.0 1.13192385548 1.91626870911 2.60551802559 0.0 249.790491059
63.0 1.11963364627 1.90602433647 2.5967639382 0.0 249.841926617
64.0 1.10739630037 1.89583521562 2.5880633464 0.0 249.893253556
65.0 1.09521144445 1.88570098896 2.57941588359 0.0 249.944354221
66.0 1.08306456113 1.87562129189 2.57082117605 0.0 249.995374767
67.0 1.07096592502 1.86559575751 2.56227884761 0.0 250.046314855
68.0 1.05891840469 1.85562401919 2.55378852235 0.0 250.097174157
69.0 1.04692161516 1.84570571216 2.54534982614 0.0 250.147952347
70.0 1.03497517385 1.83584047428 2.53696238746 0.0 250.198649103
71.0 1.02307870103 1.82602794654 2.52862583786 0.0 250.249264103
72.0 1.01122369757 1.8162629934 2.52033981223 0.0 250.299728736
73.0 0.999396830106 1.80653592503 2.51209958461 0.0 250.350015933
74.0 0.987607570142 1.79684947946 2.50389791968 0.0 250.400259092
75.0 0.975860951422 1.78720862566 2.49573985216 0.0 250.450439805
76.0 0.964159559756 1.77761592343 2.48762797412 0.0 250.500547805
77.0 0.95250139082 1.7680716589 2.4795635368 0.0 250.550577324
78.0 0.940868210098 1.75857391401 2.47155015546 0.0 250.600531079
79.0 0.929273935542 1.7491224261 2.46358270254 0.0 250.650415122
80.0 0.917724842706 1.73971916898 2.45566142744 0.0 250.700156197
81.0 0.906221829443 1.73036504226 2.44778723869 0.0 250.749698573
82.0 0.894765207682 1.72106037017 2.43996046039 0.0 250.799155247
83.0 0.883354977371 1.71180517082 2.43218110561 0.0 250.848524654
84.0 0.871990973747 1.70259930101 2.4244490234 0.0 250.897805807
85.0 0.860672946124 1.69344253357 2.4167639774 0.0 250.946998022
86.0 0.849400599858 1.68433459861 2.40912568771 0.0 250.996100781
87.0 0.83817361857 1.67527520535 2.40153385313 0.0 251.045113646
88.0 0.826991675861 1.66626405359 2.3939881628 0.0 251.094027092
89.0 0.815854441439 1.65730083979 2.38648830238 0.0 251.142677891
90.0 0.804750151056 1.64838526014 2.37903395718 0.0 251.191237589
91.0 0.793680853183 1.63951701222 2.37162481382 0.0 251.239705841
92.0 0.782648427066 1.63069198252 2.3642605611 0.0 251.288082305
93.0 0.77163789575 1.62190009905 2.35693768597 0.0 251.336378584
94.0 0.760659828222 1.61314462963 2.34964880371 0.0 251.384621028
95.0 0.749719349573 1.60443060939 2.34239904477 0.0 251.432789399
96.0 0.738818847623 1.5957603986 2.33519081207 0.0 251.480873393
97.0 0.727959341165 1.58713502062 2.32802901558 0.0 251.528794342
98.0 0.717141168236 1.57855483462 2.32091318555 0.0 251.576514539
99.0 0.706364330617 1.57001987224 2.31384034214 0.0 251.624140687
