0.0 2.63042658969 2.96185401281 3.23006134313 0.390687903226 242.549141738
1.0 2.62530563977 2.9593865926 3.22963531512 0.39093223908 242.580372308
2.0 2.61474805654 2.95172914947 3.22429577269 0.390736686357 242.618110608
3.0 2.59957528646 2.93937331359 3.21418937787 0.390546708785 242.659373557
4.0 2.58117200013 2.923344602 3.20004119968 0.390361592705 242.703646355
5.0 2.55995621348 2.90449812165 3.18307031759 0.390180053561 242.750050556
6.0 2.5362984351 2.8832053393 3.16364847683 0.390001795333 242.798338007
7.0 2.50976894727 2.85944336992 3.14210580245 0.389826572372 242.848291677
8.0 2.48054352553 2.83309710941 3.11807348641 0.389655022631 242.90022767
9.0 2.44900465705 2.80443358136 3.09171335018 0.389487165439 242.954066793
10.0 2.41595975797 2.77402523016 3.06340432882 0.389281819886 243.009798724
11.0 2.38208663874 2.74257110262 3.033871715 0.389023467078 243.066991728
12.0 2.34753867162 2.71044177634 3.0036596463 0.388768501154 243.124919988
13.0 2.31245239414 2.67777415603 2.97290509194 0.388516828202 243.183474974
14.0 2.27629554225 2.64438476431 2.941729761 0.388268371532 243.242549671
15.0 2.23903019722 2.61001277897 2.90967657227 0.388024475224 243.302575723
16.0 2.19993954796 2.57442511876 2.87671839992 0.387785554018 243.363604256
17.0 2.16087888254 2.53790811128 2.84221033218 0.387588280098 243.425973613
18.0 2.12219054404 2.50158999608 2.80773970148 0.387445207281 243.488236267
19.0 2.08385227095 2.46564178045 2.77365098043 0.387303665356 243.550484395
20.0 2.04582754343 2.43003591972 2.739924325 0.387163743038 243.61272973
21.0 2.00800850659 2.39470493742 2.70652784821 0.38702556026 243.67496627
22.0 1.96969130374 2.35927044179 2.67336913365 0.386889371773 243.737247588
23.0 1.93102074855 2.32348287545 2.6398499478 0.386756531519 243.800162586
24.0 1.89235806175 2.28757682087 2.6060968845 0.386627018839 243.863614353
25.0 1.85441844871 2.25204766362 2.57241851007 0.386500374179 243.927280016
26.0 1.81715799333 2.21720122233 2.53942010429 0.386375329239 243.99061396
27.0 1.78053689777 2.18299763472 2.50706171904 0.386251985885 244.053674185
28.0 1.74451910936 2.14940079042 2.47530715661 0.386130449051 244.116479416
29.0 1.7089995008 2.11634397628 2.44412361808 0.386010827013 244.178971176
30.0 1.67319780785 2.08341345693 2.41342073724 0.385893403764 244.24128275
31.0 1.63722564988 2.05031617643 2.3825452697 0.385780174732 244.304061506
32.0 1.60144580308 2.01727037601 2.35159277898 0.385671166955 244.36722322
33.0 1.5664094772 1.98469366482 2.3208666717 0.385565709349 244.430372918
34.0 1.53205543085 1.95280294125 2.29082366941 0.385462450749 244.493138214
35.0 1.4983298066 1.92154425003 2.2614096475 0.3853615797 244.555556559
36.0 1.46518641406 1.89087528647 2.23257701495 0.385263288581 244.617647619
37.0 1.43259949939 1.86078690925 2.20434948454 0.385115910148 244.679704274
38.0 1.39990877541 1.83092982977 2.17664470987 0.384967866144 244.741512919
39.0 1.36696513721 1.80094384495 2.14891079744 0.384828276892 244.803595049
40.0 1.33419905524 1.77096498297 2.12102630533 0.384698638444 244.866062481
41.0 1.3022013217 1.74145532045 2.09334499494 0.384577137333 244.928470699
42.0 1.27088912399 1.71263390727 2.06634827641 0.384460498569 244.99038231
43.0 1.24019150539 1.68442955801 2.03996455845 0.384349271502 245.051853112
44.0 1.21001073409 1.65676396108 2.01413245347 0.384244011752 245.112915218
45.0 1.1802569725 1.62955134743 1.98876931155 0.384145557909 245.173568275
46.0 1.15085261547 1.60271530538 1.96379948333 0.384054822563 245.233968339
47.0 1.12098378349 1.57583882655 1.9391577267 0.383972760413 245.294173507
48.0 1.09080600432 1.54864942257 1.91418543409 0.383906780342 245.354907565
49.0 1.06122951828 1.5216358711 1.8890092291 0.383857040893 245.415927281
50.0 1.0322572605 1.49518912376 1.86436078764 0.38381639201 245.476492107
51.0 1.00381587412 1.46927427729 1.84023856831 0.383785066378 245.536592201
52.0 0.975843735701 1.44382932791 1.81657990679 0.383764094668 245.596278683
53.0 0.948288956955 1.41880198885 1.79333187039 0.383754540564 245.655524686
54.0 0.921107681095 1.39414797888 1.77044953854 0.383757512059 245.714392421
55.0 0.8942626362 1.36982956771 1.7478945398 0.383774173942 245.772946527
56.0 0.867121022561 1.34553153482 1.72563381032 0.383805761556 245.831206332
57.0 0.839540967232 1.32092257513 1.70316084408 0.383862007191 245.889730436
58.0 0.812264792396 1.29628747335 1.68036089874 0.383947568152 245.948534275
59.0 0.785448423356 1.2720095172 1.65782051844 0.384053997528 246.007023242
60.0 0.759024537048 1.24812045047 1.63565874902 0.384180142383 246.065034938
61.0 0.732936922358 1.2245630769 1.61381714552 0.384328297535 246.122609894
62.0 0.707138184449 1.20128889841 1.59224593316 0.384500921441 246.179737301
63.0 0.681587833056 1.17825617888 1.57090204698 0.38470067739 246.236408985
64.0 0.656250688573 1.1554283217 1.54974748339 0.384930480551 246.29270359
65.0 0.631096299942 1.13277722299 1.52874790359 0.385193552177 246.348624157
66.0 0.60585910045 1.11019265736 1.5079232219 0.38546356857 246.404406571
67.0 0.580185567104 1.08742947251 1.48715597157 0.385692972896 246.460686597
68.0 0.554587584152 1.06452398425 1.46604112122 0.385964748927 246.51713379
69.0 0.529420280593 1.04184652616 1.4449706317 0.386274510994 246.573305871
70.0 0.504535282122 1.01946824207 1.42421077906 0.386618849598 246.628835247
71.0 0.479845410535 0.99728157731 1.40363402981 0.387004519773 246.683819394
72.0 0.456201158118 0.975491974025 1.38316179637 0.387438306455 246.738279912
73.0 0.432298011938 0.953966472635 1.36317893004 0.388049308757 246.790106944
74.0 0.408069758791 0.93203298634 1.34268200697 0.388855858951 246.840658815
75.0 0.383533097194 0.909790987457 1.32176353705 0.389778939884 246.890651308
76.0 0.358990909939 0.887594349407 1.30101494423 0.390508468196 246.942656572
77.0 0.335295475582 0.865555042723 1.28012090762 0.391331935729 246.993943199
78.0 0.311113008049 0.843437470032 1.25934041933 0.39243490527 247.041972946
79.0 0.286206480374 0.820483091714 1.2374187146 0.393962016328 247.086988951
80.0 0.261898794603 0.797499632049 1.21533691024 0.395310161756 247.134286227
81.0 0.236903202725 0.774135138022 1.19299797446 0.397020426007 247.177876361
82.0 0.211020552537 0.749711577007 1.16926492865 0.399197895752 247.218290899
83.0 0.184607967301 0.724857443127 1.14513129892 0.401253762202 247.260751904
84.0 0.157037230535 0.699921571946 1.1210303339 0.403115462346 247.305438843
85.0 0.129319564468 0.676086543057 1.09943000707 0.40331744868 247.365633017
86.0 0.10222537069 0.652767360279 1.07821930395 0.40331744868 247.427873218
87.0 0.0752218064286 0.629845955054 1.05754568254 0.40331744868 247.489435194
88.0 0.0477865221899 0.606903068765 1.03703172507 0.40331744868 247.550998636
89.0 0.0194058306446 0.583533947261 1.01631577414 0.40331744868 247.61320437
90.0 0.0 0.587079111492 0.995051144917 0.40331744868 247.676656564
91.0 0.260283417637 0.896865508199 1.48530436979 0.308134356573 247.891998808
92.0 0.170436515606 0.73635603244 1.17957150157 0.394690441617 247.535313741
93.0 0.0886067832601 0.657176886284 1.09709868257 0.403091034452 247.596189948
94.0 0.0174643038657 0.59400609769 1.03699342742 0.40331744868 247.71810644
95.0 0.0 0.574028509484 0.985730660795 0.40331744868 247.8307367
96.0 0.271956444608 0.935184222866 1.56623196981 0.305706496407 248.050183978
97.0 0.150635998127 0.730212323167 1.18507008515 0.392262581451 247.694773443
98.0 0.0392191934539 0.623821855454 1.07478175872 0.40331744868 247.768718489
99.0 0.0 0.575789384831 0.994500991024 0.40331744868 247.926727259
