0.0 2.63249712110182 3.058841861382294 3.4703097156904885 245.30269141821805
1.0 2.631021901071449 3.0590410358246696 3.471925981711552 245.32911135429663
2.0 2.625518967185912 3.0552066745402815 3.4695126381927732 245.36255014488222
3.0 2.616912171191897 3.0482781326394 3.4640144190891298 245.40134925566105
4.0 2.605921991941856 3.0389714171658224 3.456142776402672 245.44428840315274
5.0 2.593116454439019 3.027847400955513 3.446455144321989 245.49042660733474
6.0 2.578932690028681 3.01534413192678 3.4353891177333598 245.53900173748895
7.0 2.5637093021379194 3.0018009076050403 3.423283649569485 245.5894438073024
8.0 2.5477087114491996 2.9874806762321993 3.4104014249700545 245.6413474545735
9.0 2.531134250948033 2.972587172903969 3.396945977594024 245.69437596657096
10.0 2.5141288921876015 2.957269660677324 3.3830748774615413 245.7482677167314
11.0 2.4968041076785785 2.9416395565218347 3.3688990215105337 245.8028391412964
12.0 2.4792599868363774 2.9257914018065994 3.3545047681289213 245.85793859951727
13.0 2.4615736020275127 2.909802418938545 3.3399692676591024 245.91335714114092
14.0 2.443804143394406 2.893731914097928 3.3253517705819533 245.96907681564295
15.0 2.4259969247000415 2.877625291340715 3.3106976377119737 246.0250190651578
16.0 2.408186508064748 2.8615171836338047 3.2960414682409134 246.08112305528078
17.0 2.3903991397927937 2.845433893483502 3.281409538076232 246.13734175749553
18.0 2.3726546471054255 2.8293952933250632 3.2668216984793697 246.19357703662064
19.0 2.3549521924054053 2.81341100666187 3.2522928523527237 246.24982155020803
20.0 2.3372977183760786 2.797482695321387 3.237823961009319 246.30611662289377
21.0 2.319704998222396 2.7816179827107224 3.223419011856412 246.3624536643862
22.0 2.30218421634182 2.7658270824259885 3.2090872133828823 246.4188125115034
23.0 2.2847428195435913 2.7501174662887693 3.1948360278342003 246.47515328903077
24.0 2.267386172095547 2.734494520528425 3.1806708329777518 246.53140509112131
25.0 2.2501180586611187 2.7189620495677467 3.1665954255782762 246.5876418365049
26.0 2.232933904054173 2.703518465536141 3.1526124070309822 246.64385679768444
27.0 2.2158167193785436 2.6881523806086385 3.1387182611306543 246.70005552506117
28.0 2.198774663658608 2.6728634081759592 3.1249004877724125 246.75626224215432
29.0 2.1818135622268775 2.6576573952288465 3.111164926227045 246.81237026271802
30.0 2.1649374922392646 2.642538438570598 3.0975156661823116 246.86844377009425
31.0 2.148149225444516 2.6275093282115054 3.0839554909408258 246.92449435317792
32.0 2.1314505621580984 2.6125718817959553 3.0704862117077707 246.98051656373522
33.0 2.1148425825138952 2.597727196181172 3.057108919071685 247.03650633113875
34.0 2.098325834975249 2.582975836183083 3.043824171682171 247.09241472076883
35.0 2.0819004773830203 2.568317975792073 3.0306321374187233 247.14821388727682
36.0 2.0655447000434233 2.5537463402072813 3.0175326987153146 247.20397284838486
37.0 2.0492592138887735 2.5392517353741155 3.004510180734739 247.259723899102
38.0 2.033051947609738 2.5248375108910017 2.991567185933616 247.31546009839755
39.0 2.016926156116903 2.5105069405453158 2.9787069820298404 247.37117281843703
40.0 2.000883950469943 2.496262153425831 2.965931691999499 247.42674760246484
41.0 1.9849266114126525 2.4821044478001353 2.953242607924633 247.48227371408626
42.0 1.9690548194853907 2.468034521462952 2.94064042132825 247.53776121334278
43.0 1.953246195845282 2.4540394045177325 2.9281253917333694 247.59320762201952
44.0 1.9375027551197122 2.4401137597984337 2.915681735576218 247.64864725123658
45.0 1.9218306463774137 2.426261742691032 2.9033107586157954 247.7040353194043
46.0 1.9062340013941177 2.412487503250128 2.89101660634522 247.75931557760305
47.0 1.8907155100833988 2.3987937493242497 2.878801981512666 247.8145653336764
48.0 1.8752768356014946 2.385182161908884 2.8666692951559507 247.8697789885847
49.0 1.8599189129264855 2.3716536938802304 2.854621198116596 247.9249525176923
50.0 1.8446421629829686 2.35820878421349 2.842655718798326 247.98008302260476
51.0 1.8294466457328975 2.344847511128272 2.830772929146508 248.0350780153948
52.0 1.8143321692883554 2.331569701231524 2.8189726492604463 248.0899855539868
53.0 1.7992843126332745 2.318370448050047 2.80725452497766 248.1448445809487
54.0 1.7842987854403258 2.3052416656994796 2.7956085958687873 248.19967750144116
55.0 1.769381045684291 2.2921830997761896 2.7840318357827942 248.25449030664097
56.0 1.7545346264546788 2.2791982991401127 2.772527791247713 248.30927283815427
57.0 1.7397617259941087 2.2662894786144263 2.7610986732320995 248.36388573489768
58.0 1.7250636205818644 2.2534579317884234 2.749745770347664 248.4184525115442
59.0 1.7104344101938875 2.2407004994852686 2.738469737077813 248.4729726758374
60.0 1.695855903219461 2.2280048818301004 2.7272664610411255 248.5274548094257
61.0 1.6813365494711043 2.215370991946695 2.716123762696398 248.58192846522172
62.0 1.666881839350849 2.202804332346148 2.7050471470939095 248.636352533778
63.0 1.6524952482244721 2.1903083928916702 2.694040103467471 248.69062814585422
64.0 1.6381788846859615 2.177885298544369 2.683104753886427 248.74486161908206
65.0 1.6239339341366243 2.1655362525374944 2.6722422970806115 248.7990480667913
66.0 1.6097609613129378 2.15326183859377 2.661453311122866 248.85318411969592
67.0 1.5956570665064962 2.141062226328777 2.650737959163531 248.90726743659874
68.0 1.5816237294314648 2.1289373103767013 2.6400961287908884 248.96125186450593
69.0 1.5676620083597874 2.116886804294224 2.6295275261006483 249.01508091220606
70.0 1.5537714761271262 2.1049103037132273 2.6190317389650244 249.06885282749334
71.0 1.5399397545210973 2.0930035644058327 2.608608279427274 249.1225669513522
72.0 1.5261618173929488 2.08115951515546 2.5982490567816003 249.17624348170946
73.0 1.5124432677944468 2.0693776915890907 2.587950749362168 249.22989004687923
74.0 1.4987875264976287 2.0576615275775643 2.577720145676844 249.28344786278626
75.0 1.4851965881499423 2.046013034323996 2.5675563574193934 249.33685673679926
76.0 1.4716574266279325 2.0344250967938713 2.557460047782656 249.39021193784362
77.0 1.4581630628911675 2.0228902366368544 2.5474228893470916 249.44353511958937
78.0 1.4447217943852266 2.0114114675946664 2.5374404369698946 249.4968375384343
79.0 1.431338699318718 1.9999938745608292 2.527517786152283 249.550103482568
80.0 1.418016788241252 1.9886404811647853 2.5176579642075043 249.60328631751747
81.0 1.404757749341184 1.9773529931159477 2.5078626759410536 249.65629919521865
82.0 1.3915624290592372 1.96613227748273 2.4981327844847967 249.70925378056657
83.0 1.3784311408731675 1.9549786705716277 2.488468620207166 249.76214723436567
84.0 1.3653638629377958 1.943892174957085 2.4788701784239606 249.81497764671172
85.0 1.3523603640986326 1.932872585087192 2.469337245451949 249.86774369735355
86.0 1.339420283919415 1.9219195670409077 2.4598694786594595 249.92043836943105
87.0 1.326543183297126 1.911032708966011 2.4504664570958163 249.97291656726338
88.0 1.3137285763371753 1.9002115528399033 2.4411277133765346 250.02532757076534
89.0 1.3009759503347353 1.889455614378648 2.431852753672943 250.07767090462178
90.0 1.2882787904825448 1.8787625491300997 2.4226410701819945 250.12994614763733
91.0 1.2756266634372353 1.8681263776970796 2.4134886022644033 250.182163767325
92.0 1.2630257541971277 1.8575447004665062 2.4043890374397883 250.23434147657298
93.0 1.2504612335438694 1.8470104231411497 2.3953459246315347 250.28635639687556
94.0 1.2379309721560494 1.8365207363257443 2.3863504560031217 250.33829455941282
95.0 1.2254450372246728 1.8260811664785448 2.3774034097160732 250.3902018992555
96.0 1.213010839404865 1.815696840281974 2.3685099343155263 250.44206109374844
97.0 1.2006312193007946 1.8053706096999156 2.3596750023043773 250.4938616013801
98.0 1.1883076480638481 1.7951039656067034 2.35090023313165 250.54559697349325
99.0 1.1760407813625184 1.784897588775695 2.3421841016478617 250.59722760083167
