0.0 2.27639167067 2.65283931356 2.96057182442 0.391987903226 244.215241225
1.0 2.27206156507 2.65080125475 2.96021960647 0.392220484879 244.243827887
2.0 2.26244083548 2.64408760704 2.95566458948 0.39190490962 244.280944802
3.0 2.24908491061 2.63311873611 2.94659134358 0.391676458694 244.322086616
4.0 2.23195748942 2.6187072708 2.93435837004 0.391492852799 244.366185923
5.0 2.21173832829 2.60117329587 2.91898263544 0.391314691578 244.413557918
6.0 2.18899836506 2.58109146585 2.90104054359 0.391141575521 244.463643336
7.0 2.16457612359 2.55910680555 2.88101543183 0.390972828686 244.51598028
8.0 2.13927924583 2.53597176342 2.85961293597 0.390807574165 244.569864328
9.0 2.11329992441 2.51214360366 2.83750899643 0.39064475372 244.624607486
10.0 2.08664716983 2.4877134033 2.81486541586 0.390483830914 244.680035127
11.0 2.05874448606 2.46241865962 2.79169282266 0.390324773146 244.736124757
12.0 2.02986748307 2.43613226792 2.76751519735 0.390168232066 244.793456812
13.0 2.00024934246 2.40908856064 2.74256724335 0.390014434141 244.851798957
14.0 1.97059763794 2.3817173155 2.71704535191 0.389863115608 244.910958435
15.0 1.94128606616 2.35450850642 2.69153610706 0.389713506434 244.9702882
16.0 1.9123047117 2.32762456357 2.66634608357 0.389564807384 245.029384068
17.0 1.88364211642 2.30106286339 2.64146521115 0.389416799406 245.088327671
18.0 1.85472650995 2.27459119418 2.61698777099 0.389191305539 245.147667876
19.0 1.82545979403 2.24787086583 2.59235350094 0.388958140153 245.207470214
20.0 1.79597339561 2.22091600622 2.56747186126 0.388728166345 245.267735023
21.0 1.76679747068 2.19402919114 2.5424523606 0.388501418297 245.32829562
22.0 1.73830336236 2.1676154344 2.51772837181 0.388276803422 245.388719733
23.0 1.7103726459 2.14178299934 2.49360010397 0.388052953367 245.448650474
24.0 1.68217519458 2.11619005169 2.46996800404 0.387829627354 245.50819567
25.0 1.65440878359 2.09059049443 2.44613950238 0.387621956789 245.568010921
26.0 1.62640863746 2.06504769138 2.42260910444 0.387484935425 245.626989841
27.0 1.59828727262 2.03936760409 2.39892782852 0.387349704119 245.686348399
28.0 1.57027532036 2.01370702131 2.37518903725 0.387216646511 245.745973941
29.0 1.54307127507 1.98848839136 2.35157868923 0.387085404773 245.805638793
30.0 1.51656492225 1.96396269443 2.32865616454 0.386954699705 245.864576354
31.0 1.49066415799 1.94003700512 2.30632824376 0.386824054147 245.92291646
32.0 1.46529431657 1.91663564238 2.28451875957 0.386693659333 245.980777353
33.0 1.44031103514 1.89365763986 2.26316569782 0.386563680141 246.038225067
34.0 1.41501930058 1.87071312481 2.24215238967 0.386434413247 246.095399198
35.0 1.38945354898 1.84752590478 2.22092568395 0.386307303786 246.152974148
36.0 1.36400146953 1.82429277933 2.19951606141 0.386183094545 246.210893152
37.0 1.33923348624 1.80144384353 2.17823169679 0.38606112217 246.268811818
38.0 1.31505387571 1.7791759098 2.15752197602 0.385939878859 246.326132254
39.0 1.29138446112 1.75740985536 2.13730736469 0.385818932572 246.382951718
40.0 1.26816322583 1.73608265127 2.11752416849 0.385698496653 246.439332449
41.0 1.24534106004 1.71514429672 2.09812180801 0.385578752366 246.495257048
42.0 1.2223080057 1.69428372063 2.07906014747 0.385459853781 246.550856124
43.0 1.19900923243 1.67322535877 2.05986028683 0.385343328684 246.606779945
44.0 1.1757556371 1.65211224704 2.0405137835 0.385210717511 246.663239241
45.0 1.15322721684 1.63140714665 2.02130940903 0.385034803198 246.72011805
46.0 1.13130823552 1.61130434069 2.00270105407 0.384859853381 246.776248241
47.0 1.10987860155 1.59169640112 1.98459404497 0.384685122949 246.831767391
48.0 1.08883278264 1.57248241799 1.966892049 0.384511241957 246.886841562
49.0 1.06813138614 1.55360054492 1.94951119091 0.384338857381 246.941576092
50.0 1.04756068455 1.53493577694 1.93242264393 0.384168341554 246.996001263
51.0 1.02659777643 1.51615051995 1.91546669748 0.38400082779 247.050335076
52.0 1.00542965992 1.49711693101 1.89822850717 0.38383957788 247.105094589
53.0 0.98492118424 1.47831950799 1.88085348292 0.383685211227 247.160095224
54.0 0.964283622296 1.45983088625 1.86400860138 0.383532854823 247.214418199
55.0 0.94425657256 1.44145995334 1.8470222731 0.383419754346 247.268656142
56.0 0.924720321627 1.4235622192 1.83049002778 0.38332788726 247.322094377
57.0 0.905601698091 1.40606844161 1.81435244767 0.383236684416 247.375040941
58.0 0.88684582222 1.38892213695 1.79855194937 0.383146472533 247.427519517
59.0 0.868180595799 1.37196926674 1.78304522728 0.383057543463 247.479596906
60.0 0.849141234013 1.35487693503 1.76762419811 0.382971135112 247.531619819
61.0 0.830078032565 1.33762878892 1.75193597344 0.382889890707 247.584113614
62.0 0.811579508412 1.32064533509 1.73624709464 0.38281334011 247.636668676
63.0 0.793548477375 1.30411511438 1.72100212907 0.38273827329 247.688611807
64.0 0.775912384525 1.2879634502 1.70612530009 0.382664065401 247.740060195
65.0 0.75861816339 1.27213530293 1.69156018941 0.382591168789 247.791010017
66.0 0.741627087899 1.25659029756 1.67726535607 0.382519945945 247.841586812
67.0 0.724910849691 1.24129878054 1.66321025804 0.382450689357 247.891841173
68.0 0.708410041311 1.22622007689 1.64937242305 0.382383639619 247.941801131
69.0 0.691511073266 1.21103039115 1.63570624909 0.382319232002 247.991531313
70.0 0.67455779305 1.19565810465 1.62175086987 0.382261497818 248.041743197
71.0 0.658159282165 1.18053109238 1.60776393678 0.38221000398 248.092020188
72.0 0.642209248812 1.16583687079 1.5942004922 0.382160246112 248.141605806
73.0 0.626591934002 1.15147680058 1.58097959479 0.382111545085 248.190644997
74.0 0.61124426229 1.13737960722 1.56801330202 0.382064841744 248.239305943
75.0 0.596158391046 1.12352038466 1.55526766374 0.382020840759 248.287631251
76.0 0.581314470449 1.10988147833 1.54272573398 0.381979732855 248.33564202
77.0 0.56670181897 1.0964473027 1.5303712111 0.381941731635 248.383358537
78.0 0.552076519965 1.08309021977 1.51819229973 0.381907065259 248.430793682
79.0 0.537136996911 1.06956614333 1.5060060062 0.381878036778 248.478230708
80.0 0.522567951912 1.05609484153 1.49358700748 0.381858453834 248.525983917
81.0 0.508445098592 1.04297748741 1.48144245224 0.381843169384 248.573214091
82.0 0.494685462493 1.03020265219 1.46962859906 0.381829650101 248.619903086
83.0 0.481232622722 1.01771017106 1.45808283221 0.38181838622 248.666146752
84.0 0.468048297672 1.00545887675 1.44676199442 0.381810120971 248.712005397
85.0 0.455106459179 0.993420545147 1.43563796321 0.381805425934 248.757518836
86.0 0.442359652242 0.981560928969 1.42468978734 0.381804746884 248.802713097
87.0 0.429780303892 0.969847500067 1.41388021569 0.38180883097 248.847639204
88.0 0.417229855693 0.958198632206 1.40318754487 0.38181834362 248.892323966
89.0 0.404358445473 0.946383166288 1.39250761058 0.381835504358 248.936922622
90.0 0.391903253601 0.934636886971 1.38157843317 0.381866338366 248.98176894
91.0 0.379828153252 0.923223070259 1.37094491712 0.381902050062 249.02604243
92.0 0.368064305705 0.912094218452 1.36058206403 0.38194068818 249.069821674
93.0 0.356567078132 0.901201190168 1.35043767 0.381983298381 249.113181989
94.0 0.345307513479 0.890511756686 1.34047726743 0.382030824593 249.156169026
95.0 0.33426681374 0.880004717147 1.33067805471 0.382083989099 249.198810872
96.0 0.32343272852 0.869666000879 1.32102478726 0.38214336759 249.241124231
97.0 0.312797204012 0.859486120346 1.31150708584 0.382209441717 249.283118454
98.0 0.302351708748 0.849464845124 1.30211768313 0.382282635356 249.324798156
99.0 0.291789485045 0.839443042734 1.29286895811 0.38236333958 249.366132112
