0.0 2.592080930713447 2.914868514955576 3.1756403384695098 0.38686925153271473 241.91037075432766
1.0 2.587161794805294 2.9124996566322117 3.175268258472044 0.3871484983316246 241.94090167148752
2.0 2.576783155771713 2.905020383023246 3.170149726387068 0.386952063796393 241.9785985838475
3.0 2.561645860638341 2.892770984924407 3.160247218962634 0.3867611184924776 242.01989299217627
4.0 2.5426653628433105 2.87650623522715 3.146179665539144 0.38657508542325314 242.0643425525328
5.0 2.5210362477710375 2.8572111372619227 3.1287553829093784 0.3863931953811361 242.11136952313683
6.0 2.4971108674120996 2.8356194535026975 3.1090264402809336 0.3862143781622169 242.1602077999472
7.0 2.471198911823419 2.812059561159925 3.0873394981631246 0.3860000190714274 242.21083591045547
8.0 2.4426001030475852 2.7863591616466854 3.063996273216338 0.38572133336053904 242.263216682927
9.0 2.4115790274519404 2.7582952526459263 3.038334701793584 0.3854484343871881 242.31752377638657
10.0 2.3784954221272065 2.7281637130699643 3.010594481486394 0.38518121365957037 242.37361817538985
11.0 2.3445766699002983 2.696702104795214 2.981097696783167 0.3849193876908009 242.431293385619
12.0 2.310071934065151 2.6645956036483835 2.950903511596545 0.38467681416282834 242.48964999852942
13.0 2.2751124312123343 2.63200044458129 2.92017383732071 0.3845182135667059 242.54819331813744
14.0 2.2397712944469252 2.5990449866799645 2.889097454776126 0.3843614820460015 242.6072572559286
15.0 2.2032532106667815 2.565391407254422 2.857740277766152 0.3842066368708612 242.66680093394254
16.0 2.165781159577122 2.5307831296167516 2.8254200423201077 0.3840548775921256 242.7274168285055
17.0 2.1275675488965096 2.4954250258970867 2.7923349846321797 0.3839061242479339 242.7889690439704
18.0 2.0897218012396452 2.45993010955918 2.758673123571062 0.38376029362848263 242.8513241306475
19.0 2.0522539349143334 2.4248159376730687 2.725389032378279 0.3836159194439289 242.91366608543257
20.0 2.015171170403434 2.390090042236387 2.692490469231767 0.38347303554330986 242.97598236856336
21.0 1.9783963295473421 2.3557191121761316 2.6599827080726577 0.38333168003079987 243.03820209036442
22.0 1.94153810222509 2.321483870147473 2.627799150650646 0.3831920340027112 243.1004180636678
23.0 1.9041426308155418 2.286995541929481 2.5956070871649333 0.3830548518378922 243.16295365720592
24.0 1.8663632007160127 2.2521243586135107 2.5630237005701413 0.382921112019592 243.2261733899736
25.0 1.8290020293361064 2.2173132389200814 2.5301827246217394 0.38279078593851035 243.28988620117957
26.0 1.792352911065392 2.1830619079718248 2.4977638986022006 0.3826625398234192 243.3535357580136
27.0 1.7563707776504698 2.149481118699258 2.4660130920722825 0.3825358465967654 243.41688071389996
28.0 1.7210149596786932 2.1165301629245907 2.4348894910553915 0.3824108091229067 243.47992114153945
29.0 1.6862487705525748 2.0841723213712604 2.404356271306353 0.3822875330106363 243.54263098633876
30.0 1.6515764591111295 2.052156534750165 2.3743802082442946 0.3821661268869578 243.60509697885487
31.0 1.616600697078232 2.020081145538192 2.344545745931982 0.38204782319091346 243.6677251742981
32.0 1.5814340075640452 1.9878478647795614 2.314577616052394 0.3818859315582423 243.73110966391783
33.0 1.547072142222722 1.9559536435793385 2.2845403093164216 0.3817097271861749 243.7949722760947
34.0 1.5134234007114402 1.9247867629341675 2.2552374163855746 0.3815365959859731 243.8583920331652
35.0 1.4804294463432979 1.8942777497724552 2.226589104151219 0.38136692783534043 243.92142990656095
36.0 1.4480389968390825 1.8643752222113845 2.1985437504297574 0.38120101488071 243.9840528750802
37.0 1.416206975970362 1.8350340103868097 2.1710559513291483 0.3810391547006201 244.04632719184664
38.0 1.3845231944790568 1.8060394481046524 2.1440857504157704 0.3808816515617749 244.1083107315378
39.0 1.3524556974695563 1.776962884749675 2.1172938569652415 0.38073084288064524 244.170354485248
40.0 1.3203066807258885 1.7477135230542313 2.09024296503666 0.3805916963148908 244.23283961369376
41.0 1.2889297945784508 1.7187976290705973 2.0631236033832416 0.38050935723787194 244.29523923215677
42.0 1.2582404627267434 1.6905726038246902 2.0366926770822102 0.38042979420817186 244.35713472193868
43.0 1.2281665631854892 1.6629662614810954 2.0108776298957856 0.3803533381503059 244.41858684746356
44.0 1.198646651277212 1.6359171001229456 1.9856166135129543 0.38028032173437737 244.47956724684838
45.0 1.1696283949675437 1.6093727341426736 1.960856917232537 0.3802110814034428 244.54017653304544
46.0 1.1409855819574162 1.5832501804773313 1.93655359362649 0.38014595971066467 244.60047456840263
47.0 1.1120344727426268 1.5571724412990324 1.9126028541092424 0.3800857148358774 244.66056910699552
48.0 1.082644341916617 1.5307914688322986 1.8884561053364641 0.38003415411170843 244.72104343699323
49.0 1.053640116193681 1.5044382609177822 1.8640109374669394 0.37999279709302075 244.7820323125041
50.0 1.0252596491456334 1.4785721696988603 1.8399261293198985 0.37995785405808247 244.84279496672497
51.0 0.997426749887536 1.4532564402161932 1.816388088344785 0.3799282042759953 244.90309050156176
52.0 0.9700779509605761 1.428427520179451 1.793332719939627 0.37990446159972213 244.96294315438095
53.0 0.9431603362236542 1.404032396654353 1.7707065037245378 0.3798872545377671 245.02236222253563
54.0 0.9166296954743286 1.3800267472057715 1.7484646370486632 0.3798772329336223 245.08146012039583
55.0 0.8904489644113517 1.356373376459926 1.7265694640379698 0.3798750753116526 245.1402678298542
56.0 0.8641104523435129 1.3328162108138897 1.7049891514265187 0.3798814969170529 245.19880980337007
57.0 0.8373149376122969 1.3090059428091165 1.6833232665166413 0.3799013304216416 245.25748557363355
58.0 0.8108436753954869 1.2851846238354199 1.661337379677346 0.3799386072920128 245.31665006115531
59.0 0.7848375284957092 1.261739151454018 1.6396417899576456 0.37998779011306216 245.3755440552512
60.0 0.7592333562792043 1.2386968146670274 1.6183429896969854 0.38004825990626817 245.4340133529959
61.0 0.7339792062531298 1.2160053528203254 1.5973878809439592 0.38012132712010216 245.4920767795292
62.0 0.7090320352796484 1.1936213509029392 1.5767322302126592 0.3802083894069353 245.5497146498768
63.0 0.6843558276511426 1.1715083484774989 1.5563387600005023 0.3803109552130714 245.60703609164656
64.0 0.6599200420781427 1.1496352756553776 1.5361755672847928 0.38043067060492375 245.66405917253272
65.0 0.6356866755940088 1.1279577245810246 1.516214808569631 0.38056935009864507 245.72079529318592
66.0 0.611103002322602 1.1061391478338802 1.4962737262152275 0.3808190254533527 245.7765049457186
67.0 0.5859758792197406 1.0839145039980198 1.4760317006815258 0.3811204280340807 245.8322289780959
68.0 0.5611361811541157 1.0615903190457179 1.4553311653548178 0.3814829061647657 245.88817342036342
69.0 0.5366045791094752 1.0395211686391803 1.4348176967239932 0.3818900590700377 245.9435433499653
70.0 0.512339781371282 1.0177400582426208 1.4145786701493894 0.38229849333690813 245.99865804767194
71.0 0.48835860750890553 0.9962777625051552 1.3947122378901027 0.382634288842352 246.05415328103413
72.0 0.4645140768042075 0.9749825041464318 1.3750325523802513 0.3830104258195565 246.10899870093556
73.0 0.4407674818266024 0.9537705643020166 1.3554140763919629 0.38343519067394466 246.16338015202484
74.0 0.41708168117900296 0.9326011865387982 1.335813084666434 0.3839157270750559 246.21727372693078
75.0 0.39341145627919594 0.9113911250600888 1.316184433708318 0.38446053210869363 246.2706422916163
76.0 0.3695326123549556 0.8898388652297523 1.296080468912052 0.38529242247306844 246.32166674229578
77.0 0.3453023457614048 0.8679010227744244 1.2754069603523872 0.38636736419637213 246.3709334108587
78.0 0.32099464321839505 0.8459525052598443 1.2548394669610856 0.38726687627820355 246.42204420056234
79.0 0.2965171486422055 0.8237810440348837 1.2341208051409822 0.3882366864119581 246.47270348118
80.0 0.27135714780315273 0.800825610960047 1.2125248898496652 0.38962068576218484 246.52011329247478
81.0 0.2455171120684757 0.7770287002193079 1.189763610543842 0.39136896987949327 246.5652672085158
82.0 0.21937852282204878 0.7527409844730558 1.1667512334761265 0.3930070003945914 246.6121580719366
83.0 0.19245266853030268 0.7272186691831662 1.141678870503164 0.3956057143309889 246.65126594971994
84.0 0.1650322634155189 0.7014735757630434 1.1165368539604443 0.39796346175202824 246.69330945943398
85.0 0.1367328327348764 0.6759370078785296 1.0916774516952985 0.4000000000000002 246.73867987603066
86.0 0.10949413633631612 0.6524360689470102 1.0702602484511086 0.4000000000000002 246.80241354713291
87.0 0.082944004414283 0.6297621198506189 1.0496934940030922 0.4000000000000002 246.86500529129904
88.0 0.056433766736356375 0.6074974726915502 1.0297085704885072 0.4000000000000002 246.92693266475018
89.0 0.02939814360561821 0.5851606681885536 1.009852346366387 0.4000000000000002 246.98895214876165
90.0 0.0012511606455452738 0.5623092211596682 0.9897398439556331 0.4000000000000002 247.05162875871602
91.0 -0.005137597872306329 0.4707868659547459 0.968982544691912 0.4000000000000002 247.11571017295026
92.0 0.0 0.0 0.0 0.0 271.3022342543375
93.0 0.0 0.0 0.0 0.0 271.4657364790784
94.0 0.0 0.0 0.0 0.0 271.5348647824846
95.0 0.0 0.0 0.0 0.0 271.5814307219863
96.0 0.0 0.0 0.0 0.0 271.617080968623
97.0 0.0 0.0 0.0 0.0 271.64745081384433
98.0 0.0 0.0 0.0 0.0 271.6752652760755
99.0 0.0 0.0 0.0 0.0 271.7018415538695
