0.0 2.9772939331129002 244.6431290700462 271.34999999999997
1.0 2.9828377835922413 244.63906286341106 271.34999999999997
2.0 2.988371111027601 244.6354424094242 271.34999999999997
3.0 2.993893868949172 244.6322914889023 271.34999999999997
4.0 2.999406005442732 244.6296351078924 271.34999999999997
5.0 3.004907462910736 244.62749954289845 271.34999999999997
6.0 3.010398177825419 244.62591238662378 271.34999999999997
7.0 3.015878080473895 244.6249025941413 271.34999999999997
8.0 3.0213470946952525 244.624500529397 271.34999999999997
9.0 3.026805137609682 244.6247380119436 271.34999999999997
10.0 3.0322521193396756 244.62564836379136 271.34999999999997
11.0 3.037687942723385 244.6272664562557 271.34999999999997
12.0 3.0431125030202293 244.62962875667128 271.34999999999997
13.0 3.0485256876088855 244.63277337483302 271.34999999999997
14.0 3.0539273756778234 244.63674010901522 271.34999999999997
15.0 3.0593174379085704 244.64157049141002 271.34999999999997
16.0 3.0646957361519287 244.64730783281658 271.34999999999997
17.0 3.070062123097403 244.65399726640297 271.34999999999997
18.0 3.0754164419361296 244.661685790352 271.34999999999997
19.0 3.080758526017637 244.67042230919282 271.34999999999997
20.0 3.086088198500806 244.6802576736098 271.34999999999997
21.0 3.0914052719994376 244.69124471851097 271.34999999999997
22.0 3.0967095482228753 244.70343829912724 271.34999999999997
23.0 3.102000817612183 244.71689532490572 271.34999999999997
24.0 3.1072788589724087 244.7316747909495 271.34999999999997
25.0 3.112543439101515 244.7478378067487 271.34999999999997
26.0 3.1177943124166165 244.76544762193768 271.34999999999997
27.0 3.1230312205781847 244.78456964880627 271.34999999999997
28.0 3.1282538921129612 244.80527148128405 271.34999999999997
29.0 3.1334620420363413 244.82762291011105 271.34999999999997
30.0 3.138655371475058 244.85169593390066 271.34999999999997
31.0 3.143833567291035 244.87756476579565 271.34999999999997
32.0 3.148996301707339 244.9053058354135 271.34999999999997
33.0 3.1541432319371965 244.9349977857735 271.34999999999997
34.0 3.159273999817104 244.96672146489536 271.34999999999997
35.0 3.164388231445104 245.0005599117575 271.34999999999997
36.0 3.1694855368253485 245.03659833630402 271.34999999999997
37.0 3.1745655095201144 245.0749240931886 271.34999999999997
38.0 3.1796277263104957 245.11562664894845 271.34999999999997
39.0 3.184671746867027 245.15879754230434 271.34999999999997
40.0 3.189697113431544 245.2045303372887 271.34999999999997
41.0 3.1947033505116273 245.25292056891217 271.34999999999997
42.0 3.1996899645890156 245.3040656810885 271.34999999999997
43.0 3.2046564438434024 245.3580649565476 271.34999999999997
44.0 3.209602257893076 245.41501943848328 271.34999999999997
45.0 3.21452685755388 245.47503184369435 271.34999999999997
46.0 3.2194296746180044 245.53820646699842 271.34999999999997
47.0 3.224310121654135 245.604649076716 271.34999999999997
48.0 3.2291675918305085 245.67446680104618 271.34999999999997
49.0 3.234001458762426 245.74776800517915 271.34999999999997
50.0 3.2388110763857965 245.82466215901735 271.34999999999997
51.0 3.243595778858268 245.9052596954085 271.34999999999997
52.0 3.248354880489511 245.98967185882293 271.34999999999997
53.0 3.2530876757022003 246.07801054444346 271.34999999999997
54.0 3.257793439025227 246.1703881276718 271.34999999999997
55.0 3.2624714251206473 246.26691728409375 271.34999999999997
56.0 3.2671208688458413 246.36771079998658 271.34999999999997
57.0 3.2717409853523183 246.47288137349415 271.34999999999997
58.0 3.2763309702225536 246.5825414066397 271.34999999999997
59.0 3.280889999646195 246.69680278839283 271.34999999999997
60.0 3.285417230636907 246.81577666905412 271.34999999999997
61.0 3.2899118012910558 246.93957322627062 271.34999999999997
62.0 3.2943728310893516 247.068301423044 271.34999999999997
63.0 3.2987994212424954 247.20206875814551 271.34999999999997
64.0 3.30319065508176 247.3409810094016 271.34999999999997
65.0 3.307545598495352 247.48514197036585 271.34999999999997
66.0 3.3118633004112823 247.63465318094583 271.34999999999997
67.0 3.316142793327355 247.78961365260005 271.34999999999997
68.0 3.320383093888765 247.95011958877515 271.34999999999997
69.0 3.3245832035136593 248.11626410129793 271.34999999999997
70.0 3.3287421090668814 248.28813692348632 271.34999999999997
71.0 3.3328587835819703 248.46582412078655 271.34999999999997
72.0 3.3369321870313455 248.6494077997881 271.34999999999997
73.0 3.340961267144444 248.83896581650566 271.34999999999997
74.0 3.344944960273427 249.034571484855 271.34999999999997
75.0 3.34888219230591 249.236293286282 271.34999999999997
76.0 3.3527718796240014 249.4441945815322 271.34999999999997
77.0 3.3566129301087737 249.65833332557293 271.34999999999997
78.0 3.3604042441891284 249.8787617866998 271.34999999999997
79.0 3.3641447159338376 250.10552627087242 271.34999999999997
80.0 3.36783323418539 250.3386668523346 271.34999999999997
81.0 3.3714686837340997 250.578217111577 271.34999999999997
82.0 3.3750499465307784 250.82420388169726 271.34999999999997
83.0 3.3785759029361073 251.07664700420506 271.34999999999997
84.0 3.3820454330047025 251.33555909530443 271.34999999999997
85.0 3.385457417801709 251.6009453236643 271.34999999999997
86.0 3.3888107407496286 251.8728032006628 271.34999999999997
87.0 3.3921042890029485 252.15112238405578 271.34999999999997
88.0 3.3953369548480077 252.43588449598224 271.34999999999997
89.0 3.398507637125439 252.72706295617326 271.34999999999997
90.0 3.4016152426724 253.02462283118092 271.34999999999997
91.0 3.404658687781726 253.32852070038692 271.34999999999997
92.0 3.4076368996750497 253.63870453948905 271.34999999999997
93.0 3.4105488179868564 253.9551136220988 271.34999999999997
94.0 3.4133933962563985 254.27767844001067 271.34999999999997
95.0 3.4161696034243305 254.6063206426327 271.34999999999997
96.0 3.4188764253309074 254.94095299598632 271.34999999999997
97.0 3.421512866212558 255.2814793616071 271.34999999999997
98.0 3.4240779501936505 255.62779469559254 271.34999999999997
99.0 3.426570722770266 255.97978506795994 271.34999999999997
100.0 3.4289902522828215 256.3373277023924 271.34999999999997
101.0 3.431335631374415 256.70029103636494 271.34999999999997
102.0 3.43360597843182 257.0685348015573 271.34999999999997
103.0 3.4358004390061017 257.4419101243754 271.34999999999997
104.0 3.437918187209916 257.8202596463211 271.34999999999997
105.0 3.439958427088622 258.2034176638673 271.34999999999997
106.0 3.4419203939624428 258.59121028741833 271.34999999999997
107.0 3.443803355737003 258.98345561885964 271.34999999999997
108.0 3.445606614179694 259.3799639471284 271.34999999999997
109.0 3.4473295061594387 259.7805379611707 271.34999999999997
110.0 3.4489714048475495 260.18497297958515 271.34999999999997
111.0 3.4505317208775197 260.59305719619704 271.34999999999997
112.0 3.4520099034617227 261.0045719407522 271.34999999999997
113.0 3.453405441463149 261.4192919538719 271.34999999999997
114.0 3.4547178644204513 261.8369856753696 271.34999999999997
115.0 3.4559467435247284 262.25741554499103 271.34999999999997
116.0 3.4570916925466393 262.68033831461116 271.34999999999997
117.0 3.4581523687125806 263.10550537089534 271.34999999999997
118.0 3.4591284735288323 263.5326630674126 271.34999999999997
119.0 3.460019753552726 263.9615530651776 271.34999999999997
120.0 3.4608260011100445 264.3919126805885 271.34999999999997
121.0 3.461547054958014 264.82347523972663 271.34999999999997
122.0 3.4621828008934 265.2559704379881 271.34999999999997
123.0 3.4627331723053616 265.68912470402427 271.34999999999997
124.0 3.4631981506728597 266.12266156698246 271.34999999999997
125.0 3.463577766006549 266.5563020260553 271.34999999999997
126.0 3.463872097235215 266.9897649213696 271.34999999999997
127.0 3.464081272536937 267.4227673052717 271.34999999999997
128.0 3.4642054696152846 267.8550248130935 271.34999999999997
129.0 3.464244915920947 268.2862520325188 271.34999999999997
130.0 3.464199888819319 268.7161628707029 271.34999999999997
131.0 3.464070715704648 269.1444709183361 271.34999999999997
132.0 3.4638577740614447 269.57088980988226 271.34999999999997
133.0 3.4635614914739294 269.99513357926395 271.34999999999997
134.0 3.463182345583696 270.4169170137595 271.34999999999997
135.0 3.462720864000104 270.83595598373654 271.34999999999997
136.0 3.462177624156724 271.2519678048285 271.34999999999997
137.0 3.4615532531230544 271.66467155144875 271.34999999999997
138.0 3.460848427368173 272.07378838517144 271.34999999999997
139.0 3.4600638724783996 272.47904187024926 271.34999999999997
140.0 3.4592003628301016 272.8801582807127 271.34999999999997
141.0 3.4586563210121053 273.15 271.34999999999997
142.0 3.457534181311551 273.15 271.34999999999997
143.0 3.4558389074140368 273.15 271.34999999999997
144.0 3.453575918461257 273.15 271.34999999999997
145.0 3.450751088342543 273.15 271.34999999999997
146.0 3.4473707443493535 273.15 271.34999999999997
147.0 3.4434416651908566 273.15 271.34999999999997
148.0 3.43897107837011 273.15 271.34999999999997
149.0 3.433966656921724 273.15 271.34999999999997
150.0 3.428436515513252 273.15 271.34999999999997
151.0 3.422389205913928 273.15 271.34999999999997
152.0 3.415833711835724 273.15 271.34999999999997
153.0 3.408779443153043 273.15 271.34999999999997
154.0 3.401236229508703 273.15 271.34999999999997
155.0 3.393214313315158 273.15 271.34999999999997
156.0 3.3847243421612077 273.15 271.34999999999997
157.0 3.3757773606356816 273.15 271.34999999999997
158.0 3.3663848015808266 273.15 271.34999999999997
159.0 3.3565584767893015 273.15 271.34999999999997
160.0 3.3463105671598417 273.15 271.34999999999997
161.0 3.335653612327759 273.15 271.34999999999997
162.0 3.3246004997875103 273.15 271.34999999999997
163.0 3.313164453525578 273.15 271.34999999999997
164.0 3.3013590221828744 273.15 271.34999999999997
165.0 3.2891980667667937 273.15 271.34999999999997
166.0 3.2766957479338896 273.15 271.34999999999997
167.0 3.263866512864957 273.15 271.34999999999997
168.0 3.250725081755035 273.15 271.34999999999997
169.0 3.2372864339415313 273.15 271.34999999999997
170.0 3.2235657936942794 273.15 271.34999999999997
171.0 3.2095786156918984 273.15 271.34999999999997
172.0 3.195340570209314 273.15 271.34999999999997
173.0 3.1808675280417225 273.15 271.34999999999997
174.0 3.1661755451906437 273.15 271.34999999999997
175.0 3.1512808473379947 273.15 271.34999999999997
176.0 3.1361998141343532 273.15 271.34999999999997
177.0 3.120948963327742 273.15 271.34999999999997
178.0 3.105544934759361 273.15 271.34999999999997
179.0 3.090004474252731 273.15 271.34999999999997
180.0 3.074344417422684 273.15 271.34999999999997
181.0 3.058581673430554 273.15 271.34999999999997
182.0 3.042733208711753 273.15 271.34999999999997
183.0 3.026816030701726 273.15 271.34999999999997
184.0 3.0108471715860046 273.15 271.34999999999997
185.0 2.9948436720997527 273.15 271.34999999999997
186.0 2.978822565401824 273.15 271.34999999999997
187.0 2.962800861047927 273.15 271.34999999999997
188.0 2.9467955290870047 273.15 271.34999999999997
189.0 2.9308234843044274 273.15 271.34999999999997
190.0 2.9149015706350068 273.15 271.34999999999997
191.0 2.899046545768249 273.15 271.34999999999997
192.0 2.883275065967598 273.15 271.34999999999997
193.0 2.8676036711247366 273.15 271.34999999999997
194.0 2.8520487700692967 273.15 271.34999999999997
195.0 2.8366266261535635 273.15 271.34999999999997
196.0 2.8213533431309883 273.15 271.34999999999997
197.0 2.8062448513465084 273.15 271.34999999999997
198.0 2.7913168942558437 273.15 271.34999999999997
199.0 2.7765850152900895 273.15 271.34999999999997
200.0 2.7620645450810484 273.15 271.34999999999997
201.0 2.74777058906187 273.15 271.34999999999997
202.0 2.7337180154566623 273.15 271.34999999999997
203.0 2.7199214436718364 273.15 271.34999999999997
204.0 2.7063952331010306 273.15 271.34999999999997
205.0 2.693153472354546 273.15 271.34999999999997
206.0 2.6802099689233003 273.15 271.34999999999997
207.0 2.667578239286397 273.15 271.34999999999997
208.0 2.6552714994704734 273.15 271.34999999999997
209.0 2.6433026560680983 273.15 271.34999999999997
210.0 2.6316842977215713 273.15 271.34999999999997
211.0 2.620428687077584 273.15 271.34999999999997
212.0 2.609547753217315 273.15 271.34999999999997
213.0 2.5990530845656576 273.15 271.34999999999997
214.0 2.5889559222824268 273.15 271.34999999999997
215.0 2.579267154137526 273.15 271.34999999999997
216.0 2.5699973088712587 273.15 271.34999999999997
217.0 2.561156551040128 273.15 271.34999999999997
218.0 2.552754676347704 273.15 271.34999999999997
219.0 2.5448011074593486 273.15 271.34999999999997
220.0 2.5373048902988597 273.15 271.34999999999997
221.0 2.5302746908243483 273.15 271.34999999999997
222.0 2.5237187922799813 273.15 271.34999999999997
223.0 2.5176450929195298 273.15 271.34999999999997
224.0 2.512061104197013 273.15 271.34999999999997
225.0 2.506973949419099 273.15 271.34999999999997
226.0 2.502390362853318 273.15 271.34999999999997
227.0 2.498316689285567 273.15 271.34999999999997
228.0 2.494758884019821 273.15 271.34999999999997
229.0 2.4917225133124625 273.15 271.34999999999997
230.0 2.4892127552331083 273.15 271.34999999999997
231.0 2.4872344009433625 273.15 271.34999999999997
232.0 2.485791856384464 273.15 271.34999999999997
233.0 2.484889144364372 273.15 271.34999999999997
234.0 2.483917776165816 272.84267638111567 271.34999999999997
235.0 2.4830438262580086 272.4865739284282 271.34999999999997
236.0 2.4822681732554654 272.1275748755566 271.34999999999997
237.0 2.481591627629518 271.765889063919 271.34999999999997
238.0 2.4810149313588177 271.40172606570275 271.34999999999997
239.0 2.4805387576624556 271.0352950204387 271.34999999999997
240.0 2.480163710816661 270.6668044721375 271.34999999999997
241.0 2.4798903260558594 270.2964622070978 271.34999999999997
242.0 2.479719069558678 269.9244750925038 271.34999999999997
243.0 2.4796503385206274 269.5510489110938 271.34999999999997
244.0 2.4796844613074316 269.1763882194887 271.34999999999997
245.0 2.4798216977006984 268.8006961651279 271.34999999999997
246.0 2.48006223922467 268.4241743446994 271.34999999999997
247.0 2.4804062095588764 268.0470226449586 271.34999999999997
248.0 2.48085366503507 267.669439088755 271.34999999999997
249.0 2.481404595217612 267.29161968279357 271.34999999999997
250.0 2.4820589235662807 266.9137582672871 271.34999999999997
251.0 2.482816508180259 266.53604636765886 271.34999999999997
252.0 2.483677142621871 266.15867304846137 271.34999999999997
253.0 2.484640556818435 265.7818247696806 271.34999999999997
254.0 2.485706418040407 265.4056852456001 271.34999999999997
255.0 2.4868743319538096 265.0304353064029 271.34999999999997
256.0 2.488143843744759 264.6562527626928 271.34999999999997
257.0 2.489514439313727 264.28331227312134 271.34999999999997
258.0 2.490985546537017 263.91178521530753 271.34999999999997
259.0 2.4925565365927715 263.54183956024144 271.34999999999997
260.0 2.494226725348681 263.17363975036426 271.34999999999997
261.0 2.4959953748084316 262.8073465815172 271.34999999999997
262.0 2.4978616946137957 262.4431170889552 271.34999999999997
263.0 2.4998248435991512 262.0811044376174 271.34999999999997
264.0 2.501883931395118 261.7214578168487 271.34999999999997
265.0 2.5040380200778922 261.36432233976296 271.34999999999997
266.0 2.506286125860784 261.0098389474364 271.34999999999997
267.0 2.50862722082439 260.6581443181161 271.34999999999997
268.0 2.51106023468177 260.309370781625 271.34999999999997
269.0 2.5135840565749508 259.96364623913695 271.34999999999997
270.0 2.5161975368990426 259.6210940884928 271.34999999999997
271.0 2.518899489150233 259.2818331552169 271.34999999999997
272.0 2.521688691793904 258.9459776293895 271.34999999999997
273.0 2.5245638901491256 258.6136370085174 271.34999999999997
274.0 2.527523798285784 258.28491604653755 271.34999999999997
275.0 2.53056710093063 257.9599147090766 271.34999999999997
276.0 2.5336924553785636 257.6387281350765 271.34999999999997
277.0 2.5368984934055168 257.3214466048847 271.34999999999997
278.0 2.5401838231793543 257.00815551489285 271.34999999999997
279.0 2.5435470311652724 256.6989353587933 271.34999999999997
280.0 2.5469866840222553 256.3938617155087 271.34999999999997
281.0 2.5505013304872297 256.09300524383315 271.34999999999997
282.0 2.5540895032436524 255.7964316838064 271.34999999999997
283.0 2.557749720771369 255.50420186482728 271.34999999999997
284.0 2.561480489174686 255.21637172049435 271.34999999999997
285.0 2.565280303985715 254.9329923101435 271.34999999999997
286.0 2.5691476519401752 254.65410984703558 271.34999999999997
287.0 2.5730810127229637 254.3797657331284 271.34999999999997
288.0 2.577078860680931 254.1099966003495 271.34999999999997
289.0 2.5811396665004533 253.84483435826812 271.34999999999997
290.0 2.585261898847516 253.5843062480473 271.34999999999997
291.0 2.5894440259681812 253.3284349025392 271.34999999999997
292.0 2.593684517247457 253.07723841236898 271.34999999999997
293.0 2.5979818447247296 252.83073039783784 271.34999999999997
294.0 2.6023344845640834 252.58892008645705 271.34999999999997
295.0 2.606740918477977 252.35181239591122 271.34999999999997
296.0 2.611199635102899 252.11940802223387 271.34999999999997
297.0 2.6157091313257834 251.891703532964 271.34999999999997
298.0 2.6202679135601104 251.66869146503933 271.34999999999997
299.0 2.624874498970777 251.45036042717106 271.34999999999997
300.0 2.6295274166469653 251.2366952064318 271.34999999999997
301.0 2.634225208722384 251.0276768787803 271.34999999999997
302.0 2.6389664314424057 250.8232829232372 271.34999999999997
303.0 2.6437496561777603 250.62348733941744 271.34999999999997
304.0 2.648573470384586 250.42826076812028 271.34999999999997
305.0 2.653436478510769 250.23757061467109 271.34999999999997
306.0 2.6583373028486372 250.05138117470585 271.34999999999997
307.0 2.6632745843341925 249.86965376208673 271.34999999999997
308.0 2.6682469832931903 249.6923468386349 271.34999999999997
309.0 2.6732531801344908 249.5194161453673 271.34999999999997
310.0 2.678291875991212 249.35081483492448 271.34999999999997
311.0 2.6833617933103224 249.1864936048793 271.34999999999997
312.0 2.6884616763914058 249.0264008316185 271.34999999999997
313.0 2.6935902918754304 248.87048270449563 271.34999999999997
314.0 2.698746429184432 248.71868335995669 271.34999999999997
315.0 2.7039289009131076 248.5709450153488 271.34999999999997
316.0 2.709136543173394 248.42720810212808 271.34999999999997
317.0 2.7143682158931624 248.2874113981919 271.34999999999997
318.0 2.719622803070238 248.15149215907007 271.34999999999997
319.0 2.7248992129829985 248.0193862477194 271.34999999999997
320.0 2.7301963783588628 247.89102826267612 271.34999999999997
321.0 2.7355132565020237 247.76635166433329 271.34999999999997
322.0 2.7408488293818194 247.64528889912106 271.34999999999997
323.0 2.746202103683167 247.5277715213806 271.34999999999997
324.0 2.7515721108205202 247.41373031273508 271.34999999999997
325.0 2.756957906916821 247.30309539877422 271.34999999999997
326.0 2.76235857274895 247.19579636288262 271.34999999999997
327.0 2.7677732136611737 247.09176235705488 271.34999999999997
328.0 2.773200959448115 246.99092220955518 271.34999999999997
329.0 2.7786409642087553 246.89320452929186 271.34999999999997
330.0 2.7840924061729986 246.79853780679184 271.34999999999997
331.0 2.7895544875022957 246.70685051167305 271.34999999999997
332.0 2.7950264340658446 246.61807118652658 271.34999999999997
333.0 2.8005074951938487 246.53212853713376 271.34999999999997
334.0 2.8059969434093084 246.44895151895614 271.34999999999997
335.0 2.811494074139801 246.3684694198494 271.34999999999997
336.0 2.8169982054106772 246.29061193896467 271.34999999999997
337.0 2.8225086775210793 246.21530926181228 271.34999999999997
338.0 2.828024852704157 246.14249213147534 271.34999999999997
339.0 2.8335461147728287 246.07209191597155 271.34999999999997
340.0 2.8390718687523955 246.00404067177166 271.34999999999997
341.0 2.844601540501294 245.93827120349474 271.34999999999997
342.0 2.8501345763212202 245.87471711980808 271.34999999999997
343.0 2.855670442557838 245.8133128855712 271.34999999999997
344.0 2.8612086251932247 245.7539938702696 271.34999999999997
345.0 2.866748629431191 245.69669639279383 271.34999999999997
346.0 2.8722899792765473 245.64135776262614 271.34999999999997
347.0 2.877832217109364 245.587916317504 271.34999999999997
348.0 2.883374903255221 245.53631145763626 271.34999999999997
349.0 2.8889176155524052 245.48648367655377 271.34999999999997
350.0 2.894459948916965 245.43837458868106 271.34999999999997
351.0 2.900001514906495 245.39192695372083 271.34999999999997
352.0 2.9055419412834755 245.3470846979473 271.34999999999997
353.0 2.911080871578952 245.30379293250732 271.34999999999997
354.0 2.9166179646572914 245.26199796883262 271.34999999999997
355.0 2.9221528942827257 245.22164733126786 271.34999999999997
356.0 2.927685348688324 245.18268976702234 271.34999999999997
357.0 2.9332150301480233 245.14507525355467 271.34999999999997
358.0 2.9387416545522904 245.1087550035005 271.34999999999997
359.0 2.944264950987948 245.07368146725503 271.34999999999997
360.0 2.949784661322669 245.039808333322 271.34999999999997
361.0 2.955300539794598 245.00709052654105 271.34999999999997
362.0 2.9608123526075234 244.97548420430522 271.34999999999997
363.0 2.966319877531988 244.94494675087927 271.34999999999997
364.0 2.9718229035126966 244.91543676992947 271.34999999999997
