0.0 244.04540312869588 3.0289471128541856 0.31675824175824185 271.34999999999997
1.0 244.045633637991 3.0319192329385776 0.31703296703296713 271.34999999999997
2.0 244.04622082840137 3.0348879833966302 0.3173076923076924 271.34999999999997
3.0 244.04718544032653 3.03785332398357 0.3175824175824177 271.34999999999997
4.0 244.0485492690153 3.04081521177354 0.31785714285714295 271.34999999999997
5.0 244.0503352040705 3.043773601029927 0.3181318681318682 271.34999999999997
6.0 244.05256726945942 3.0467284430711903 0.3184065934065935 271.34999999999997
7.0 244.05527066396016 3.049679686132156 0.31868131868131877 271.34999999999997
8.0 244.0584718019678 3.0526272752207655 0.31895604395604404 271.34999999999997
9.0 244.06219835457748 3.0555711519702626 0.3192307692307693 271.34999999999997
10.0 244.06647929085344 3.058511254486817 0.3195054945054946 271.34999999999997
11.0 244.07134491918788 3.0614475171926046 0.31978021978021987 271.34999999999997
12.0 244.07682692864284 3.064379870664365 0.32005494505494514 271.34999999999997
13.0 244.08295843016361 3.0673082414674817 0.3203296703296704 271.34999999999997
14.0 244.08977399754255 3.070232551985635 0.3206043956043957 271.34999999999997
15.0 244.09730970800442 3.0731527202461018 0.32087912087912096 271.34999999999997
16.0 244.10560318227678 3.0760686597407894 0.32115384615384623 271.34999999999997
17.0 244.11469362399993 3.0789802792431087 0.3214285714285715 271.34999999999997
18.0 244.12462185832356 3.0818874826208082 0.3217032967032968 271.34999999999997
19.0 244.13543036952774 3.0847901686449153 0.32197802197802206 271.34999999999997
20.0 244.14716333749843 3.0876882307949445 0.32225274725274733 271.34999999999997
21.0 244.1598666728794 3.090581557060559 0.3225274725274726 271.34999999999997
22.0 244.17358805071328 3.09347002973989 0.3228021978021979 271.34999999999997
23.0 244.18837694237754 3.0963535252347465 0.32307692307692315 271.34999999999997
24.0 244.20428464561257 3.0992319138429614 0.3233516483516484 271.34999999999997
25.0 244.22136431243115 3.102105059548158 0.3236263736263737 271.34999999999997
26.0 244.2396709746917 3.1049728198072324 0.32390109890109897 271.34999999999997
27.0 244.25926156711037 3.1078350453358867 0.32417582417582425 271.34999999999997
28.0 244.28019494748014 3.1106915798925594 0.3244505494505495 271.34999999999997
29.0 244.30253191385845 3.113542260061138 0.3247252747252748 271.34999999999997
30.0 244.32633521848047 3.116386915032866 0.32500000000000007 271.34999999999997
31.0 244.35166957814815 3.1192253663878677 0.32527472527472534 271.34999999999997
32.0 244.3786016808419 3.122057427876777 0.3255494505494506 271.34999999999997
33.0 244.4072001882976 3.124882905202938 0.3258241758241759 271.34999999999997
34.0 244.4375357342883 3.127701595805719 0.32609890109890116 271.34999999999997
35.0 244.46968091834847 3.1305132886454805 0.32637362637362644 271.34999999999997
36.0 244.50371029467675 3.1333177639907763 0.3266483516483517 271.34999999999997
37.0 244.539700355954 3.1361147932083995 0.326923076923077 271.34999999999997
38.0 244.57772951181312 3.138904138556902 0.32719780219780226 271.34999999999997
39.0 244.61787806170074 3.141685552984256 0.32747252747252753 271.34999999999997
40.0 244.66022816187302 3.1444587799303414 0.3277472527472528 271.34999999999997
41.0 244.7048637862738 3.14722355313498 0.3280219780219781 271.34999999999997
42.0 244.75187068104847 3.149979596452252 0.32829670329670335 271.34999999999997
43.0 244.80133631245562 3.152726623671862 0.3285714285714286 271.34999999999997
44.0 244.85334980794715 3.15546433834834 0.3288461538461539 271.34999999999997
45.0 244.90800189019902 3.1581924336388876 0.3291208791208792 271.34999999999997
46.0 244.96538480388708 3.1609105921506964 0.32939560439560445 271.34999999999997
47.0 245.02559223501686 3.16361848579858 0.3296703296703297 271.34999999999997
48.0 245.08871922263262 3.1663157756737874 0.329945054945055 271.34999999999997
49.0 245.15486206274892 3.169002111924863 0.33021978021978027 271.34999999999997
50.0 245.22411820436767 3.171677133651448 0.33049450549450554 271.34999999999997
51.0 245.29658613746537 3.1743404688119052 0.3307692307692308 271.34999999999997
52.0 245.37236527285947 3.1769917341456724 0.3310439560439561 271.34999999999997
53.0 245.4515558138874 3.1796305351112415 0.33131868131868136 271.34999999999997
54.0 245.53425861985988 3.1822564658406622 0.33159340659340664 271.34999999999997
55.0 245.62057506127925 3.1848691091114643 0.3318681318681319 271.34999999999997
56.0 245.71060686684413 3.1874680363368832 0.3321428571428572 271.34999999999997
57.0 245.8044559622948 3.1900528075752663 0.33241758241758246 271.34999999999997
58.0 245.902224301188 3.192622971559512 0.33269230769230773 271.34999999999997
59.0 246.00401368772503 3.1951780657473843 0.332967032967033 271.34999999999997
60.0 246.10992559179545 3.197717616393513 0.3332417582417583 271.34999999999997
61.0 246.2200609564356 3.2002411386438663 0.33351648351648355 271.34999999999997
62.0 246.33451999794227 3.2027481366534434 0.3337912087912088 271.34999999999997
63.0 246.45340199892115 3.2052381037279076 0.3340659340659341 271.34999999999997
64.0 246.5768050945913 3.207710522489827 0.3343406593406594 271.34999999999997
65.0 246.70482605270894 3.210164865070148 0.33461538461538465 271.34999999999997
66.0 246.83756004751555 3.2126005933254813 0.3348901098901099 271.34999999999997
67.0 246.9751004281568 3.2150171590817105 0.3351648351648352 271.34999999999997
68.0 247.11753848206155 3.217414004404393 0.33543956043956047 271.34999999999997
69.0 247.26496319381124 3.2197905618963385 0.33571428571428574 271.34999999999997
70.0 247.41746100006927 3.2221462550226962 0.335989010989011 271.34999999999997
71.0 247.57511554118148 3.224480498463802 0.3362637362637363 271.34999999999997
72.0 247.7380074100944 3.226792698495967 0.33653846153846156 271.34999999999997
73.0 247.90621389927665 3.2290822534002985 0.33681318681318684 271.34999999999997
74.0 248.0798087463604 3.231348553899576 0.3370879120879121 271.34999999999997
75.0 248.2588618792542 3.2335909836231043 0.3373626373626374 271.34999999999997
76.0 248.44343916150564 3.2358089195993847 0.33763736263736266 271.34999999999997
77.0 248.6336021387194 3.238001732776359 0.33791208791208793 271.34999999999997
78.0 248.82940778685972 3.240168788568871 0.3381868131868132 271.34999999999997
79.0 249.03090826328358 3.2423094474329184 0.3384615384615385 271.34999999999997
80.0 249.23815066136922 3.2444230654661537 0.33873626373626375 271.34999999999997
81.0 249.45117676961345 3.2465089950340067 0.33901098901098903 271.34999999999997
82.0 249.67002283608025 3.248566585420703 0.3392857142857143 271.34999999999997
83.0 249.89471933908482 3.2505951835043554 0.3395604395604396 271.34999999999997
84.0 250.1252907649955 3.252594134455216 0.33983516483516485 271.34999999999997
85.0 250.3617553940293 3.254562782456075 0.3401098901098901 271.34999999999997
86.0 250.60412509490547 3.2565004714437102 0.3403846153846154 271.34999999999997
87.0 250.85240512920413 3.258406545870196 0.34065934065934067 271.34999999999997
88.0 251.10659396625667 3.2602803514828014 0.34093406593406594 271.34999999999997
89.0 251.36668310936722 3.262121236121118 0.3412087912087912 271.34999999999997
90.0 251.6326569341342 3.263928550529987 0.3414835164835165 271.34999999999997
91.0 251.90449253960406 3.265701649186721 0.34175824175824177 271.34999999999997
92.0 252.18215961295004 3.2674398911410414 0.34203296703296704 271.34999999999997
93.0 252.46562030832268 3.269142640866104 0.3423076923076923 271.34999999999997
94.0 252.75482914047066 3.2708092691189106 0.3425824175824176 271.34999999999997
95.0 253.04973289367766 3.2724391538083704 0.34285714285714286 271.34999999999997
96.0 253.35027054650413 3.2740316808692262 0.34313186813186813 271.34999999999997
97.0 253.65637321276407 3.2755862451400164 0.3434065934065934 271.34999999999997
98.0 253.96796409910337 3.277102251243227 0.3436813186813187 271.34999999999997
99.0 254.28495847948366 3.278579114465756 0.34395604395604396 271.34999999999997
100.0 254.60726368680628 3.2800162616378037 0.34423076923076923 271.34999999999997
101.0 254.93477912184542 3.281413132008289 0.3445054945054945 271.34999999999997
102.0 255.26739627958844 3.2827691781149038 0.3447802197802198 271.34999999999997
103.0 255.60499879301278 3.284083866646909 0.34505494505494505 271.34999999999997
104.0 255.94746249425825 3.2853566792988085 0.3453296703296703 271.34999999999997
105.0 256.2946554930853 3.286587113613047 0.3456043956043956 271.34999999999997
106.0 256.6464382724391 3.2877746838099178 0.34587912087912087 271.34999999999997
107.0 257.0026638008758 3.2889189216028956 0.34615384615384615 271.34999999999997
108.0 257.3631776615368 3.2900193769976607 0.3464285714285714 271.34999999999997
109.0 257.72781819729977 3.2910756190731236 0.3467032967032967 271.34999999999997
110.0 258.0964166716687 3.2920872367428258 0.34697802197802197 271.34999999999997
111.0 258.46879744491184 3.2930538394951414 0.34725274725274724 271.34999999999997
112.0 258.8447781649006 3.2939750581107856 0.3475274725274725 271.34999999999997
113.0 259.2241699720513 3.2948505453561974 0.3478021978021978 271.34999999999997
114.0 259.6067777177267 3.2956799766514466 0.34807692307692306 271.34999999999997
115.0 259.9924001954091 3.296463050711394 0.34835164835164834 271.34999999999997
116.0 260.380830383922 3.297199490158913 0.3486263736263736 271.34999999999997
117.0 260.7718557019396 3.297889042109082 0.3489010989010989 271.34999999999997
118.0 261.1652582729981 3.2985314787233233 0.34917582417582416 271.34999999999997
119.0 261.56081520019455 3.299126597732576 0.34945054945054943 271.34999999999997
120.0 261.95829884974324 3.2996742229286733 0.3497252747252747 271.34999999999997
121.0 262.35747714254 3.300174204623183 0.3497252747252747 271.34999999999997
122.0 262.75820466018996 3.300626751499593 0.35133817795108113 271.34999999999997
123.0 263.15963528444485 3.301029885171988 0.35295108117688756 271.34999999999997
124.0 263.5620861179896 3.3013836959439815 0.354563984402694 271.34999999999997
125.0 263.96530972092836 3.3016883013516662 0.3561768876285004 271.34999999999997
126.0 264.36905572254994 3.301943846291289 0.35778979085430684 271.34999999999997
127.0 264.77307114419324 3.3021505031112928 0.35940269408011327 271.34999999999997
128.0 265.17710072415707 3.3023084716689093 0.3610155973059197 271.34999999999997
129.0 265.5808872438347 3.302417979351579 0.36262850053172613 271.34999999999997
130.0 265.9841718542704 3.302479281063544 0.36424140375753256 271.34999999999997
131.0 266.38669440236373 3.302492659178033 0.365854306983339 271.34999999999997
132.0 266.78819375596845 3.3024584234555325 0.3674672102091454 271.34999999999997
133.0 267.1884081271675 3.3023769109286927 0.36908011343495184 271.34999999999997
134.0 267.5870753930317 3.302248485754485 0.37069301666075827 271.34999999999997
135.0 267.98393341320485 3.3020735390342826 0.3723059198865647 271.34999999999997
136.0 268.3787203436934 3.301852488602582 0.3739188231123711 271.34999999999997
137.0 268.7711749462695 3.3015857787851375 0.37553172633817755 271.34999999999997
138.0 269.1610368929392 3.3012738801273174 0.377144629563984 271.34999999999997
139.0 269.54804706495725 3.3009172890935363 0.3787575327897904 271.34999999999997
140.0 269.93194784591446 3.3005165277386435 0.38037043601559684 271.34999999999997
141.0 270.3124834124105 3.3000721433517337 0.38198333924140326 271.34999999999997
142.0 270.6893999971081 3.299584708075694 0.3835962424672097 271.34999999999997
143.0 271.0624461887577 3.299054818498423 0.3852091456930161 271.34999999999997
144.0 271.4313731779054 3.298483095222047 0.38682204891882255 271.34999999999997
145.0 271.7959350198521 3.297870182408267 0.388434952144629 271.34999999999997
146.0 272.15588888422366 3.297216747301464 0.3900478553704354 271.34999999999997
147.0 272.5109952963054 3.296523479730573 0.39166075859624183 271.34999999999997
148.0 272.8610183699505 3.2957910915907385 0.39327366182204826 271.34999999999997
149.0 273.15 3.295026570378185 0.3942936881827554 271.34999999999997
150.0 273.15 3.294262263813661 0.39392289216937065 271.34999999999997
151.0 273.15 3.2934978447247447 0.3921814756939747 271.34999999999997
152.0 273.15 3.2927329896053754 0.3890907468915791 271.34999999999997
153.0 273.15 3.2919673758064114 0.38467311733602483 271.34999999999997
154.0 273.15 3.291200678792692 0.37733919430608326 271.34999999999997
155.0 273.15 3.2904321751463863 0.3687275799765252 271.34999999999997
156.0 273.15 3.2896615135272773 0.358864004240678 271.34999999999997
157.0 273.15 3.28888832793769 0.3477752859366034 271.34999999999997
158.0 273.15 3.2881122342405833 0.3354893244014594 271.34999999999997
159.0 273.15 3.287332826320116 0.32203509057822144 271.34999999999997
160.0 273.15 3.2865496717875993 0.30744261797304434 271.34999999999997
161.0 273.15 3.2857623071171145 0.29174299381613983 271.34999999999997
162.0 273.15 3.284970232070496 0.2749683508500616 271.34999999999997
163.0 273.15 3.284172903239082 0.2571518602616534 271.34999999999997
164.0 273.15 3.2833697264871637 0.23832772639447689 271.34999999999997
165.0 273.15 3.2825600480259585 0.21853118403686994 271.34999999999997
166.0 273.15 3.281743143772337 0.1977984992903584 271.34999999999997
167.0 273.15 3.2809182065465796 0.17616697530313086 271.34999999999997
168.0 273.15 3.280084330528167 0.15367496453123483 271.34999999999997
169.0 273.15 3.279240492203589 0.13036188970622573 271.34999999999997
170.0 273.15 3.278385526784041 0.10626827640153985 271.34999999999997
171.0 273.15 3.2775180987115875 0.0814358010899256 271.34999999999997
172.0 273.15 3.276636664361005 0.055907360006815426 271.34999999999997
173.0 273.15 3.275739424304968 0.029727166190963168 271.34999999999997
174.0 273.15 3.2748242614218235 0.002940885099457221 271.34999999999997
175.0 273.15 3.2651063496033514 0.0 271.34999999999997
176.0 273.15 3.2541232633527577 0.0 271.34999999999997
177.0 273.15 3.2429481869154455 0.0 271.34999999999997
178.0 273.15 3.2315961210547712 0.0 271.34999999999997
179.0 273.15 3.220082202697297 0.0 271.34999999999997
180.0 273.15 3.2084216906470036 0.0 271.34999999999997
181.0 273.15 3.196629951178241 0.0 271.34999999999997
182.0 273.15 3.1847224435300636 0.0 271.34999999999997
183.0 273.15 3.1727147053246236 0.0 271.34999999999997
184.0 273.15 3.1606223379322156 0.0 271.34999999999997
185.0 273.15 3.148460991805494 0.0 271.34999999999997
186.0 273.15 3.136246351805218 0.0 271.34999999999997
187.0 273.15 3.123994122539704 0.0 271.34999999999997
188.0 273.15 3.1117200137399177 0.0 271.34999999999997
189.0 273.15 3.0994397256918744 0.0 271.34999999999997
190.0 273.15 3.0871689347476794 0.0 271.34999999999997
191.0 273.15 3.0749232789361973 0.0 271.34999999999997
192.0 273.15 3.062718343693937 0.0 271.34999999999997
193.0 273.15 3.050569647736305 0.0 271.34999999999997
194.0 273.15 3.038492629088909 0.0 271.34999999999997
195.0 273.15 3.0265026312981123 0.0 271.34999999999997
196.0 273.15 3.01461488983948 0.0 271.34999999999997
197.0 273.15 3.0028445187422306 0.0 271.34999999999997
198.0 273.15 2.9912064974472 0.0 271.34999999999997
199.0 273.15 2.979715657915222 0.0 271.34999999999997
200.0 273.15 2.9683866720022 0.0 271.34999999999997
201.0 273.15 2.9572340391164857 0.0 271.34999999999997
202.0 273.15 2.9462720741735144 0.0 271.34999999999997
203.0 273.15 2.9355148958619495 0.0 271.34999999999997
204.0 273.15 2.9249764152348945 0.0 271.34999999999997
205.0 273.15 2.9146703246390104 0.0 271.34999999999997
206.0 273.15 2.9046100869936415 0.0 271.34999999999997
207.0 273.15 2.894808925431329 0.0 271.34999999999997
208.0 273.15 2.8852798133103397 0.0 271.34999999999997
209.0 273.15 2.87603546460908 0.0 271.34999999999997
210.0 273.15 2.8670883247115304 0.0 271.34999999999997
211.0 273.15 2.8584505615920563 0.0 271.34999999999997
212.0 273.15 2.850134057407212 0.0 271.34999999999997
213.0 273.15 2.8421504005013873 0.0 271.34999999999997
214.0 273.15 2.8345108778323924 0.0 271.34999999999997
215.0 273.15 2.8272264678223347 0.0 271.34999999999997
216.0 273.15 2.8203078336383793 0.0 271.34999999999997
217.0 273.15 2.8137653169072627 0.0 271.34999999999997
218.0 273.15 2.8076089318666817 0.0 271.34999999999997
219.0 273.15 2.8018483599559643 0.0 271.34999999999997
220.0 273.15 2.796492944847712 0.0 271.34999999999997
221.0 273.15 2.7915516879214 0.0 271.34999999999997
222.0 273.15 2.7870332441792285 0.0 271.34999999999997
223.0 273.15 2.7829459186038403 0.0 271.34999999999997
224.0 273.15 2.7792976629568504 0.0 271.34999999999997
225.0 273.15 2.7760960730164865 0.0 271.34999999999997
226.0 273.15 2.7733483862519965 0.0 271.34999999999997
227.0 273.15 2.7710614799318614 0.0 271.34999999999997
228.0 273.15 2.7692418696622405 0.0 271.34999999999997
229.0 273.15 2.7678957083514972 0.0 271.34999999999997
230.0 273.05880104268766 2.7669114705204683 0.0 271.34999999999997
231.0 272.74200532314495 2.7660052950341325 0.0 271.34999999999997
232.0 272.42100012184886 2.7651782845444943 0.004166666666666667 271.34999999999997
233.0 272.0961677639979 2.7644333920530957 0.008333333333333333 271.34999999999997
234.0 271.7673662304688 2.7637699088854615 0.0125 271.34999999999997
235.0 271.43479364031776 2.7631870933696554 0.016666666666666666 271.34999999999997
236.0 271.0986492986714 2.762684172083449 0.020833333333333332 271.34999999999997
237.0 270.75913353917355 2.762260341087959 0.024999999999999998 271.34999999999997
238.0 270.4164475643999 2.76191476714803 0.029166666666666664 271.34999999999997
239.0 270.0707932843194 2.7616465889396125 0.03333333333333333 271.34999999999997
240.0 269.7223731480529 2.7614549182454837 0.0375 271.34999999999997
241.0 269.3713899966153 2.7613388411343176 0.041666666666666664 271.34999999999997
242.0 269.01804687113474 2.7612974191331245 0.04583333333333333 271.34999999999997
243.0 268.6625468601843 2.761329690383911 0.049999999999999996 271.34999999999997
244.0 268.3050929264577 2.761434670789137 0.05416666666666666 271.34999999999997
245.0 267.9458877359206 2.7616113551452575 0.05833333333333333 271.34999999999997
246.0 267.58513348593 2.7618587182644405 0.06249999999999999 271.34999999999997
247.0 267.22303173250424 2.7621757160845495 0.06666666666666667 271.34999999999997
248.0 266.8597832169409 2.7625612867674376 0.07083333333333333 271.34999999999997
249.0 266.49558769199126 2.763014351785585 0.075 271.34999999999997
250.0 266.1306437478133 2.7635338169970876 0.07916666666666666 271.34999999999997
251.0 265.76514863793847 2.764118573708968 0.08333333333333333 271.34999999999997
252.0 265.39929810549745 2.7647674997287757 0.0875 271.34999999999997
253.0 265.0332862099638 2.7654794604043893 0.09166666666666666 271.34999999999997
254.0 264.66730515468385 2.766253309651937 0.09583333333333333 271.34999999999997
255.0 264.30154511547215 2.7670878909717 0.09999999999999999 271.34999999999997
256.0 263.93619407056127 2.7679820384518607 0.10416666666666666 271.34999999999997
257.0 263.5714376322026 2.7689345777599095 0.10833333333333332 271.34999999999997
258.0 263.2074588802243 2.7699443271215216 0.11249999999999999 271.34999999999997
259.0 262.84443819785713 2.771010098286673 0.11666666666666665 271.34999999999997
260.0 262.4825531101463 2.772130697482748 0.12083333333333332 271.34999999999997
261.0 262.12197812527074 2.773304926354372 0.12499999999999999 271.34999999999997
262.0 261.76288457909567 2.7745315828896704 0.12916666666666665 271.34999999999997
263.0 261.40544048328445 2.7758094623326466 0.13333333333333333 271.34999999999997
264.0 261.0498103772982 2.777137358081338 0.1375 271.34999999999997
265.0 260.69615518460995 2.7785140625714053 0.1416666666666667 271.34999999999997
266.0 260.34463207345743 2.7799383681447796 0.14583333333333337 271.34999999999997
267.0 259.99539432245547 2.7814090679029873 0.15000000000000005 271.34999999999997
268.0 259.6485911913829 2.7829249565447545 0.15416666666666673 271.34999999999997
269.0 259.30436779745395 2.7844848311874797 0.1583333333333334 271.34999999999997
270.0 258.9628649973723 2.7860874921721557 0.1625000000000001 271.34999999999997
271.0 258.6242192754595 2.787731743851316 0.16666666666666677 271.34999999999997
272.0 258.2885626381361 2.7894163953595705 0.17083333333333345 271.34999999999997
273.0 257.9560225150212 2.7911402613662957 0.17500000000000013 271.34999999999997
274.0 257.6267216669018 2.7929021628100426 0.1791666666666668 271.34999999999997
275.0 257.3007781008084 2.794700927614227 0.1833333333333335 271.34999999999997
276.0 256.9783049924133 2.7965353913836677 0.18750000000000017 271.34999999999997
277.0 256.65941061595436 2.7984043980815514 0.19166666666666685 271.34999999999997
278.0 256.3441982818614 2.8003068006863994 0.19583333333333353 271.34999999999997
279.0 256.0327662822475 2.8022414618286366 0.2000000000000002 271.34999999999997
280.0 255.72520784440061 2.8042072544063665 0.20416666666666689 271.34999999999997
281.0 255.4216110923917 2.806203062179969 0.20833333333333356 271.34999999999997
282.0 255.12205901689023 2.8082277803451707 0.21250000000000024 271.34999999999997
283.0 254.8266294532542 2.810280316084237 0.21666666666666692 271.34999999999997
284.0 254.53539506793697 2.812359589094977 0.2208333333333336 271.34999999999997
285.0 254.24842335322808 2.814464532097259 0.22500000000000028 271.34999999999997
286.0 253.9657766303196 2.816594091316777 0.22916666666666696 271.34999999999997
287.0 253.68751206066432 2.818747226945821 0.23333333333333364 271.34999999999997
288.0 253.41368166556566 2.8209229135808487 0.23750000000000032 271.34999999999997
289.0 253.14433235391473 2.823120140636675 0.241666666666667 271.34999999999997
290.0 252.8795059579639 2.825337912737135 0.24583333333333368 271.34999999999997
291.0 252.61923927700175 2.8275752500821105 0.25000000000000033 271.34999999999997
292.0 252.36356412877058 2.8298311887908434 0.254166666666667 271.34999999999997
293.0 252.112507408443 2.832104781221494 0.25833333333333364 271.34999999999997
294.0 251.86609115495267 2.8343950962669435 0.2625000000000003 271.34999999999997
295.0 251.62433262445117 2.836701219626874 0.26666666666666694 271.34999999999997
296.0 251.38724437064403 2.8390222540561982 0.2708333333333336 271.34999999999997
297.0 251.1548343317373 2.8413573195899486 0.27500000000000024 271.34999999999997
298.0 250.9271059237095 2.843705553744778 0.2791666666666669 271.34999999999997
299.0 250.70405813960585 2.8460661116972537 0.28333333333333355 271.34999999999997
300.0 250.48568565453704 2.848438166439174 0.2875000000000002 271.34999999999997
301.0 250.27197893604944 2.8508209089101646 0.29166666666666685 271.34999999999997
302.0 250.0629243595228 2.853213548107859 0.2958333333333335 271.34999999999997
303.0 249.85850432823935 2.8556153111759905 0.30000000000000016 271.34999999999997
304.0 249.65869739776002 2.858025443470771 0.30000000000000016 271.34999999999997
305.0 249.46869103285175 2.86046016561564 0.30027472527472543 271.34999999999997
306.0 249.2829571758841 2.8629176739300486 0.3005494505494507 271.34999999999997
307.0 249.10180151373447 2.8653972885383356 0.300824175824176 271.34999999999997
308.0 248.92518419105355 2.867898336921689 0.30109890109890125 271.34999999999997
309.0 248.75306226635954 2.8704201543385253 0.3013736263736265 271.34999999999997
310.0 248.58538985944864 2.872962084221252 0.3016483516483518 271.34999999999997
311.0 248.42211829998217 2.8755234785493986 0.30192307692307707 271.34999999999997
312.0 248.26319627687448 2.8781036981991477 0.30219780219780235 271.34999999999997
313.0 248.10856998811045 2.8807021132693644 0.3024725274725276 271.34999999999997
314.0 247.95818329063215 2.883318103384263 0.3027472527472529 271.34999999999997
315.0 247.81197784994268 2.8859510579729113 0.30302197802197817 271.34999999999997
316.0 247.66989328908454 2.8886003765258157 0.30329670329670344 271.34999999999997
317.0 247.5318673366644 2.891265468828877 0.3035714285714287 271.34999999999997
318.0 247.39783597360548 2.8939457551750536 0.303846153846154 271.34999999999997
319.0 247.267733578325 2.896640666554111 0.30412087912087926 271.34999999999997
320.0 247.14149307004584 2.899349644820868 0.30439560439560454 271.34999999999997
321.0 247.01904604996878 2.902072142842397 0.3046703296703298 271.34999999999997
322.0 246.90032294004456 2.904807624624662 0.3049450549450551 271.34999999999997
323.0 246.78525311910377 2.907555565419113 0.30521978021978036 271.34999999999997
324.0 246.67376505611534 2.91031545180978 0.30549450549450563 271.34999999999997
325.0 246.5657864403644 2.913086781781438 0.3057692307692309 271.34999999999997
326.0 246.46124430835422 2.9158690647694425 0.3060439560439562 271.34999999999997
327.0 246.36006516725547 2.91866182169184 0.30631868131868145 271.34999999999997
328.0 246.2621751147419 2.921464584964395 0.3065934065934067 271.34999999999997
329.0 246.1674999550686 2.9242768984991736 0.306868131868132 271.34999999999997
330.0 246.0759653112659 2.9270983176873484 0.3071428571428573 271.34999999999997
331.0 245.98749673333737 2.9299284093668905 0.30741758241758255 271.34999999999997
332.0 245.90201980236847 2.932766751775829 0.3076923076923078 271.34999999999997
333.0 245.81946023046544 2.9356129344917576 0.3079670329670331 271.34999999999997
334.0 245.73974395646204 2.938466558358276 0.30824175824175837 271.34999999999997
335.0 245.66279723734502 2.9413272353990543 0.30851648351648364 271.34999999999997
336.0 245.58854673536473 2.944194588720201 0.3087912087912089 271.34999999999997
337.0 245.5169196008099 2.9470682524016225 0.3090659340659342 271.34999999999997
338.0 245.4478435504407 2.949947871378049 0.30934065934065946 271.34999999999997
339.0 245.3812469415856 2.9528331013103997 0.30961538461538474 271.34999999999997
340.0 245.31705884192044 2.9557236084481477 0.30989010989011 271.34999999999997
341.0 245.25520909495887 2.9586190694833414 0.3101648351648353 271.34999999999997
342.0 245.1956283812957 2.9615191713969202 0.31043956043956056 271.34999999999997
343.0 245.13824827565264 2.964423611297961 0.31071428571428583 271.34999999999997
344.0 245.08300129978787 2.967332096256464 0.3109890109890111 271.34999999999997
345.0 245.0298209713375 2.9702443431302825 0.3112637362637364 271.34999999999997
346.0 244.97864184866677 2.9731600783867878 0.31153846153846165 271.34999999999997
347.0 244.92939957181537 2.9760790379198294 0.3118131868131869 271.34999999999997
348.0 244.88203089962835 2.979000966862549 0.3120879120879122 271.34999999999997
349.0 244.83647374317033 2.9819256193965815 0.3123626373626375 271.34999999999997
350.0 244.79266719552595 2.984852758558159 0.31263736263736275 271.34999999999997
351.0 244.75055155809446 2.9877821560416122 0.312912087912088 271.34999999999997
352.0 244.71006836349048 2.9907135920007524 0.3131868131868133 271.34999999999997
353.0 244.67116039516725 2.993646854848585 0.31346153846153857 271.34999999999997
354.0 244.63377170388003 2.9965817410558007 0.31373626373626384 271.34999999999997
355.0 244.59784762111207 2.9995180549484566 0.3140109890109891 271.34999999999997
356.0 244.56333476958582 3.0024556085052483 0.3142857142857144 271.34999999999997
357.0 244.53018107098387 3.0053942211547513 0.31456043956043966 271.34999999999997
358.0 244.49833575100564 3.00833371957299 0.31483516483516494 271.34999999999997
359.0 244.46774934188548 3.011273937481672 0.3151098901098902 271.34999999999997
360.0 244.43837368249893 3.014214715447409 0.3153846153846155 271.34999999999997
361.0 244.41016191618215 3.017155900682222 0.31565934065934076 271.34999999999997
362.0 244.38306848639021 3.020097346845613 0.31593406593406603 271.34999999999997
363.0 244.3570491303178 3.023038913848463 0.3162087912087913 271.34999999999997
364.0 244.33206087060537 3.025980467659001 0.3164835164835166 271.34999999999997
