1.0 241.85252959374728 2.9026253763556533 0.3045670557555192 271.34999999999997
2.0 241.85362683190178 2.905666921166015 0.30484329884944183 271.34999999999997
3.0 241.85504447641415 2.9087047365777217 0.3051195419433645 271.34999999999997
4.0 241.85680122775227 2.911738791234505 0.30539578503728715 271.34999999999997
5.0 241.85891673557123 2.9147690514927342 0.3056720281312098 271.34999999999997
6.0 241.8614116344318 2.9177954813119102 0.30594827122513246 271.34999999999997
7.0 241.86430758001183 2.9208180421413434 0.3062245143190551 271.34999999999997
8.0 241.86762728575204 2.9238366928029853 0.3065007574129778 271.34999999999997
9.0 241.8713945598725 2.9268513893703894 0.30677700050690043 271.34999999999997
10.0 241.875634342689 2.92986208504379 0.3070532436008231 271.34999999999997
11.0 241.88037274415413 2.9328687300212963 0.30732948669474575 271.34999999999997
12.0 241.88563708153922 2.9358712713661985 0.3076057297886684 271.34999999999997
13.0 241.89145591716937 2.9388696528704137 0.30788197288259106 271.34999999999997
14.0 241.89785909611516 2.9418638149140888 0.3081582159765137 271.34999999999997
15.0 241.9048777837385 2.944853694321405 0.3084344590704364 271.34999999999997
16.0 241.91254450298368 2.9478392242126326 0.30871070216435903 271.34999999999997
17.0 241.9208931712963 2.9508203338525023 0.3089869452582817 271.34999999999997
18.0 241.92995913704718 2.9537969484949724 0.30926318835220434 271.34999999999997
19.0 241.9397792153296 2.9567689892244844 0.309539431446127 271.34999999999997
20.0 241.9503917229921 2.9597363727938175 0.30981567454004966 271.34999999999997
21.0 241.96183651276104 2.962699011458669 0.3100919176339723 271.34999999999997
22.0 241.97415500630015 2.965656812809101 0.31036816072789497 271.34999999999997
23.0 241.98739022604695 2.968609679598016 0.3106444038218176 271.34999999999997
24.0 242.0015868256589 2.971557509566839 0.3109206469157403 271.34999999999997
25.0 242.0167911188947 2.9745001952686074 0.31119689000966294 271.34999999999997
26.0 242.03305110674975 2.9774376238886804 0.3114731331035856 271.34999999999997
27.0 242.05041650265795 2.9803696770633143 0.31174937619750825 271.34999999999997
28.0 242.06893875556528 2.983296230696357 0.3120256192914309 271.34999999999997
29.0 242.08867107067465 2.9862171547743435 0.31230186238535357 271.34999999999997
30.0 242.10966842765623 2.9891323131802996 0.3125781054792762 271.34999999999997
31.0 242.1319875961112 2.9920415635065707 0.3128543485731989 271.34999999999997
32.0 242.15568714807227 2.994944756867033 0.31313059166712154 271.34999999999997
33.0 242.1808274673207 2.997841737709049 0.3134068347610442 271.34999999999997
34.0 242.20747075529428 3.000732343625574 0.31368307785496685 271.34999999999997
35.0 242.23568103335876 3.003616405167815 0.3139593209488895 271.34999999999997
36.0 242.26552414121238 3.006493745658901 0.31423556404281217 271.34999999999997
37.0 242.29706773119108 3.0093641810090186 0.3145118071367348 271.34999999999997
38.0 242.33038125824189 3.0122275195325043 0.3147880502306575 271.34999999999997
39.0 242.36553596533142 3.015083561767411 0.31506429332458014 271.34999999999997
40.0 242.40260486405748 3.017932100298075 0.3153405364185028 271.34999999999997
41.0 242.44166271023457 3.0207729195812494 0.31561677951242545 271.34999999999997
42.0 242.48278597422603 3.0236057957763807 0.3158930226063481 271.34999999999997
43.0 242.52605280580138 3.0264304965806277 0.31616926570027076 271.34999999999997
44.0 242.57154299330193 3.0292467810692485 0.3164455087941934 271.34999999999997
45.0 242.61933791690498 3.0320543995419937 0.3167217518881161 271.34999999999997
46.0 242.66952049578543 3.0348530933761704 0.31699799498203873 271.34999999999997
47.0 242.72217512898317 3.037642594887046 0.3172742380759614 271.34999999999997
48.0 242.77738762979544 3.040422627196293 0.31755048116988405 271.34999999999997
49.0 242.83524515352698 3.0431929041091803 0.3178267242638067 271.34999999999997
50.0 242.8958361184434 3.045953130001224 0.31810296735772936 271.34999999999997
51.0 242.95925011979077 3.0487029997150374 0.318379210451652 271.34999999999997
52.0 243.0255778367605 3.051442198468114 0.3186554535455747 271.34999999999997
53.0 243.09491093229806 3.054170401772291 0.31893169663949733 271.34999999999997
54.0 243.16734194567505 3.056887275365639 0.31920793973342 271.34999999999997
55.0 243.2429641777653 3.059592475157535 0.31948418282734264 271.34999999999997
56.0 243.32187156899076 3.0622856471876645 0.3197604259212653 271.34999999999997
57.0 243.40415856992738 3.0649664275996984 0.32003666901518796 271.34999999999997
58.0 243.48992000458807 3.067634442630386 0.3203129121091106 271.34999999999997
59.0 243.5792509264291 3.0702893086147918 0.32058915520303327 271.34999999999997
60.0 243.67224646715445 3.07293063200839 0.32086539829695593 271.34999999999997
61.0 243.7690016784252 3.0755580094267208 0.3211416413908786 271.34999999999997
62.0 243.86961136661176 3.078171027703282 0.32141788448480124 271.34999999999997
63.0 243.97416992076134 3.080769263966315 0.3216941275787239 271.34999999999997
64.0 244.08277113398591 3.0833522857351126 0.32197037067264656 271.34999999999997
65.0 244.1955080185121 3.0859196510364475 0.3222466137665692 271.34999999999997
66.0 244.31247261466885 3.0884709085416837 0.32252285686049187 271.34999999999997
67.0 244.4337557941257 3.0910055977250965 0.3227990999544145 271.34999999999997
68.0 244.55944705772998 3.0935232490438858 0.3230753430483372 271.34999999999997
69.0 244.6896343283281 3.0960233841403193 0.32335158614225984 271.34999999999997
70.0 244.82440373899126 3.0985055160663983 0.3236278292361825 271.34999999999997
71.0 244.9638394171029 3.10096914953138 0.32390407233010515 271.34999999999997
72.0 245.1080232647988 3.103413781172438 0.3241803154240278 271.34999999999997
73.0 245.25703473628542 3.105838899848689 0.32445655851795047 271.34999999999997
74.0 245.4109506125951 3.108243986958737 0.3247328016118731 271.34999999999997
75.0 245.56984477436717 3.110628516781834 0.3250090447057958 271.34999999999997
76.0 245.73378797327499 3.112991956842693 0.32528528779971844 271.34999999999997
77.0 245.9028476027453 3.115333768299899 0.3255615308936411 271.34999999999997
78.0 246.07708746864293 3.1176534063578063 0.32583777398756375 271.34999999999997
79.0 246.25656756061485 3.1199503207017436 0.3261140170814864 271.34999999999997
80.0 246.44134382481099 3.122223955956249 0.32639026017540906 271.34999999999997
81.0 246.63146793871232 3.1244737521660007 0.3266665032693317 271.34999999999997
82.0 246.82698708881404 3.126699145299027 0.3269427463632544 271.34999999999997
83.0 247.02794375192033 3.1288995677716924 0.32721898945717703 271.34999999999997
84.0 247.23437548081472 3.13107444899489 0.3274952325510997 271.34999999999997
85.0 247.44631469507297 3.133223215940784 0.32777147564502235 271.34999999999997
86.0 247.66378847778475 3.1353452937293715 0.328047718738945 271.34999999999997
87.0 247.88681837894575 3.1374401062340618 0.32832396183286766 271.34999999999997
88.0 248.11542022627208 3.139507076705385 0.3286002049267903 271.34999999999997
89.0 248.34960394417752 3.141545628411884 0.328876448020713 271.34999999999997
90.0 248.58937338163466 3.1435551852971595 0.32915269111463563 271.34999999999997
91.0 248.83472614962153 3.1455351726519813 0.3294289342085583 271.34999999999997
92.0 249.08565346882895 3.147485017800312 0.32970517730248095 271.34999999999997
93.0 249.34214002827437 3.149404150798023 0.3299814203964036 271.34999999999997
94.0 249.60416385543513 3.151292005143037 0.33025766349032626 271.34999999999997
95.0 249.8716961984761 3.153148018495568 0.3305339065842489 271.34999999999997
96.0 250.1447014211073 3.154971633407094 0.33081014967817157 271.34999999999997
97.0 250.42313691056196 3.156762298056642 0.33108639277209423 271.34999999999997
98.0 250.70695299913976 3.1585194669929413 0.3313626358660169 271.34999999999997
99.0 250.9960928997091 3.1602426018809586 0.33163887895993954 271.34999999999997
100.0 251.29049265551137 3.16193117225131 0.3319151220538622 271.34999999999997
101.0 251.59008110455486 3.1635846562510186 0.33219136514778486 271.34999999999997
102.0 251.89477985883107 3.165202541394076 0.3324676082417075 271.34999999999997
103.0 252.20450329852815 3.166784325310262 0.33274385133563017 271.34999999999997
104.0 252.5191585813577 3.16832951649066 0.3330200944295528 271.34999999999997
105.0 252.8386456670533 3.169837635028327 0.3332963375234755 271.34999999999997
106.0 253.1628573570392 3.171308213352579 0.33357258061739814 271.34999999999997
107.0 253.49167934920857 3.172740796955362 0.3338488237113208 271.34999999999997
108.0 253.82499030769318 3.174134945108216 0.33412506680524345 271.34999999999997
109.0 254.16266194744856 3.175490231568355 0.3344013098991661 271.34999999999997
110.0 254.50455913342267 3.1768062452724153 0.33467755299308877 271.34999999999997
111.0 254.8505399940225 3.1780825910164805 0.3349537960870114 271.34999999999997
112.0 255.2004560485396 3.179318890121015 0.3352300391809341 271.34999999999997
113.0 255.55415234814734 3.180514781079394 0.33550628227485674 271.34999999999997
114.0 255.91146763003428 3.181669920188776 0.3357825253687794 271.34999999999997
115.0 256.27223448419426 3.182783982162102 0.33605876846270205 271.34999999999997
116.0 256.63627953235294 3.1838566607200884 0.3363350115566247 271.34999999999997
117.0 257.0034236184728 3.1848876691621215 0.33661125465054736 271.34999999999997
118.0 257.37348201024406 3.1858767409150444 0.33688749774447 271.34999999999997
119.0 257.7462646109387 3.186823630058882 0.3371637408383927 271.34999999999997
120.0 258.121576180979 3.18772811182863 0.33743998393231533 271.34999999999997
121.0 258.49921656854747 3.188589983091298 0.33905288715812176 271.34999999999997
122.0 258.8770389440412 3.189406935081953 0.3406657903839282 271.34999999999997
123.0 259.2569197196834 3.1901789485477994 0.3422786936097346 271.34999999999997
124.0 259.63864362637656 3.1909060269930207 0.34389159683554105 271.34999999999997
125.0 260.0219913519969 3.191588196919673 0.3455045000613475 271.34999999999997
126.0 260.40673981109614 3.1922255080390824 0.3471174032871539 271.34999999999997
127.0 260.79266241957765 3.1928180334536296 0.34873030651296033 271.34999999999997
128.0 261.17952937359445 3.193365869808867 0.35034320973876676 271.34999999999997
129.0 261.5671079319211 3.193869137416001 0.3519561129645732 271.34999999999997
130.0 261.95516270106526 3.1943279803448204 0.3535690161903796 271.34999999999997
131.0 262.34345592239333 3.194742566487243 0.35518191941618604 271.34999999999997
132.0 262.73174776056516 3.1951130875916967 0.35679482264199247 271.34999999999997
133.0 263.1197965925873 3.1954397592686226 0.3584077258677989 271.34999999999997
134.0 263.5073592968203 3.195722820967445 0.3600206290936053 271.34999999999997
135.0 263.89419154129314 3.195962535925407 0.36163353231941175 271.34999999999997
136.0 264.2800480707092 3.196159191088715 0.3632464355452182 271.34999999999997
137.0 264.6646829915516 3.196313097006499 0.3648593387710246 271.34999999999997
138.0 265.0478500547243 3.1964245876981203 0.36647224199683104 271.34999999999997
139.0 265.429302935198 3.196494020494416 0.36808514522263747 271.34999999999997
140.0 265.80879550815735 3.1965217758534914 0.3696980484484439 271.34999999999997
141.0 266.18608212117977 3.1965082571517205 0.3713109516742503 271.34999999999997
142.0 266.56091786200676 3.1964538904506297 0.37292385490005675 271.34999999999997
143.0 266.9330588215019 3.196359124240377 0.3745367581258632 271.34999999999997
144.0 267.3022623514222 3.196224429160555 0.3761496613516696 271.34999999999997
145.0 267.6682873166604 3.1960502976990712 0.37776256457747603 271.34999999999997
146.0 268.03089434164986 3.195837243869869 0.37937546780328246 271.34999999999997
147.0 268.3898460506543 3.1955858028702724 0.3809883710290889 271.34999999999997
148.0 268.7449073016951 3.1952965307187475 0.3826012742548953 271.34999999999997
149.0 269.09584541390103 3.1949700038738693 0.38421417748070175 271.34999999999997
150.0 269.4424303880926 3.194606818835307 0.3858270807065082 271.34999999999997
151.0 269.78443512044396 3.1942075917276274 0.3858270807065082 271.34999999999997
152.0 270.12181851385236 3.1937731855249307 0.3858270807065082 271.34999999999997
153.0 270.4540766573617 3.193304130660909 0.3858270807065082 271.34999999999997
154.0 270.7809962293551 3.1928009793174557 0.3858270807065082 271.34999999999997
155.0 271.10236759234 3.192264305078487 0.3858270807065082 271.34999999999997
156.0 271.41798499330656 3.191694702564065 0.3858270807065082 271.34999999999997
157.0 271.72764671123724 3.191092787050209 0.3858270807065082 271.34999999999997
158.0 272.0311552217762 3.190459194072478 0.3858270807065082 271.34999999999997
159.0 272.32831734964606 3.189794579014482 0.3858270807065082 271.34999999999997
160.0 272.61894441403194 3.1890996166819168 0.3858270807065082 271.34999999999997
161.0 272.90285236699117 3.1883750008627203 0.3858270807065082 271.34999999999997
162.0 273.15 3.187624561626156 0.38571160370309127 271.34999999999997
163.0 273.15 3.186874072592995 0.38455074298863784 271.34999999999997
164.0 273.15 3.1861232979377974 0.38237042569222546 271.34999999999997
165.0 273.15 3.185372005559989 0.3791974285313719 271.34999999999997
166.0 273.15 3.184619965645832 0.3750593625915525 271.34999999999997
167.0 273.15 3.1838669493126717 0.3699846567269671 271.34999999999997
168.0 273.15 3.183112727314538 0.3640025396683677 271.34999999999997
169.0 273.15 3.182357068790587 0.3571430209190763 271.34999999999997
170.0 273.15 3.1815997400397493 0.349436870517107 271.34999999999997
171.0 273.15 3.1808405033063614 0.34091559773927266 271.34999999999997
172.0 273.15 3.180079115562604 0.3316114288220905 271.34999999999997
173.0 273.15 3.1793153272742978 0.32155728377403653 271.34999999999997
174.0 273.15 3.178548881137061 0.3107867523540961 271.34999999999997
175.0 273.15 3.1777795107700646 0.2993340692925154 271.34999999999997
176.0 273.15 3.1770069393546443 0.28723408883108564 271.34999999999997
177.0 273.15 3.176230878204874 0.27452225866211527 271.34999999999997
178.0 273.15 3.1754510252569137 0.26123459334739707 271.34999999999997
179.0 273.15 3.1746670634635006 0.2474076473008912 271.34999999999997
180.0 273.15 3.1738786590794317 0.23307848742145076 271.34999999999997
181.0 273.15 3.1730854598232647 0.21828466546463085 271.34999999999997
182.0 273.15 3.172287092899828 0.20306419024533975 271.34999999999997
183.0 273.15 3.171483162867485 0.1874554997656796 271.34999999999997
184.0 273.15 3.1706732493335448 0.17149743336459913 271.34999999999997
185.0 273.15 3.1698569044608127 0.1552292039877022 271.34999999999997
186.0 273.15 3.1690336502681586 0.13869037067638731 271.34999999999997
187.0 273.15 3.168202975708309 0.12192081137499064 271.34999999999997
188.0 273.15 3.167364333507067 0.1049606961521561 271.34999999999997
189.0 273.15 3.166517136750107 0.08785046092744803 271.34999999999997
190.0 273.15 3.1656607552068046 0.0659809358430821 271.34999999999997
191.0 273.15 3.16479175322582 0.035829555242347016 271.34999999999997
192.0 273.15 3.161944126608567 0.0 271.34999999999997
193.0 273.15 3.14154109412989 0.0 271.34999999999997
194.0 273.15 3.121314752275509 0.0 271.34999999999997
195.0 273.15 3.101282599867576 0.0 271.34999999999997
196.0 273.15 3.081461906917703 0.0 271.34999999999997
197.0 273.15 3.0618697002341655 0.0 271.34999999999997
198.0 273.15 3.0425227494863054 0.0 271.34999999999997
199.0 273.15 3.0234375537416693 0.0 271.34999999999997
200.0 273.15 3.0046303284902156 0.0 271.34999999999997
201.0 273.15 2.9861169931687415 0.0 271.34999999999997
202.0 273.15 2.9679131591974746 0.0 271.34999999999997
203.0 273.15 2.9500341185395826 0.0 271.34999999999997
204.0 273.15 2.9324948327931546 0.0 271.34999999999997
205.0 273.15 2.915309922824019 0.0 271.34999999999997
206.0 273.15 2.8984936589465957 0.0 271.34999999999997
207.0 273.15 2.882059951658798 0.0 271.34999999999997
208.0 273.15 2.8660223429358718 0.0 271.34999999999997
209.0 273.15 2.8503939980869117 0.0 271.34999999999997
210.0 273.15 2.8351876981766986 0.0 271.34999999999997
211.0 273.15 2.820415833014407 0.0 271.34999999999997
212.0 273.15 2.8060903947096834 0.0 271.34999999999997
213.0 273.15 2.7922229717955562 0.0 271.34999999999997
214.0 273.15 2.778824743916639 0.0 271.34999999999997
215.0 273.15 2.7659064770801236 0.0 271.34999999999997
216.0 273.15 2.753478519466116 0.0 271.34999999999997
217.0 273.15 2.741550797792972 0.0 271.34999999999997
218.0 273.15 2.730132814232416 0.0 271.34999999999997
219.0 273.15 2.7192336438684053 0.0 271.34999999999997
220.0 273.15 2.7088619326928964 0.0 271.34999999999997
221.0 273.15 2.699025896130929 0.0 271.34999999999997
222.0 273.15 2.6897333180867147 0.0 271.34999999999997
223.0 273.15 2.6809915505017514 0.0 271.34999999999997
224.0 273.15 2.6728075134153335 0.0 271.34999999999997
225.0 273.15 2.6651876955172384 0.0 271.34999999999997
226.0 273.15 2.658138155181808 0.0 271.34999999999997
227.0 273.15 2.651664521972115 0.0 271.34999999999997
228.0 273.15 2.645771998602436 0.0 271.34999999999997
229.0 273.15 2.6404653633467894 0.0 271.34999999999997
230.0 273.15 2.6357489728809056 0.0 271.34999999999997
231.0 273.15 2.6316267655446226 0.0 271.34999999999997
232.0 273.15 2.6298214666335165 0.0 271.34999999999997
233.0 273.15 2.6286099487888714 0.0 271.34999999999997
234.0 273.15 2.6276237297071248 0.0010317560273591293 271.34999999999997
235.0 273.15 2.626638529466951 0.0038783397053353194 271.34999999999997
236.0 272.9596071818223 2.625700775481892 0.00798792874643121 271.34999999999997
237.0 272.4311122273792 2.624888880796182 0.012097517787527101 271.34999999999997
238.0 271.9059846195762 2.624199461350841 0.016207106828622992 271.34999999999997
239.0 271.384355244045 2.6236291917119354 0.020316695869718883 271.34999999999997
240.0 270.8663477074846 2.6231748057620603 0.024426284910814774 271.34999999999997
241.0 270.35207853412015 2.6228330972357843 0.028535873951910665 271.34999999999997
242.0 269.8416573684546 2.622600920109061 0.03264546299300655 271.34999999999997
243.0 269.33518721022153 2.622475188846447 0.03675505203410244 271.34999999999997
244.0 268.8327646170044 2.622452878523679 0.04086464107519833 271.34999999999997
245.0 268.334479951518 2.6225310248257045 0.044974230116294214 271.34999999999997
246.0 267.8404176171565 2.6227067239321857 0.0490838191573901 271.34999999999997
247.0 267.3506563011225 2.622977132297737 0.05319340819848599 271.34999999999997
248.0 266.86526922054304 2.623339466334638 0.057302997239581877 271.34999999999997
249.0 266.3843243702601 2.6237910020055675 0.061412586280677764 271.34999999999997
250.0 265.90788477102336 2.624329074333642 0.06552217532177365 271.34999999999997
251.0 265.4360087168546 2.624951076836839 0.06963176436286954 271.34999999999997
252.0 264.96875002040747 2.625654460893628 0.07374135340396543 271.34999999999997
253.0 264.5061582551988 2.6264367350463935 0.07785094244506131 271.34999999999997
254.0 264.04827899365154 2.6272954642489874 0.0819605314861572 271.34999999999997
255.0 263.5951540399539 2.6282282690645062 0.08607012052725309 271.34999999999997
256.0 263.14682165680836 2.6292328248191255 0.09017970956834898 271.34999999999997
257.0 262.70331678521745 2.630306860717579 0.09428929860944486 271.34999999999997
258.0 262.26467125652886 2.631448158925616 0.09839888765054075 271.34999999999997
259.0 261.87367984960923 2.632646606571277 0.10250847669163664 271.34999999999997
260.0 261.5108835080298 2.6338959497701886 0.10661806573273253 271.34999999999997
261.0 261.1481920004662 2.6351952298598427 0.11072765477382841 271.34999999999997
262.0 260.7858026437091 2.6365434763642717 0.1148372438149243 271.34999999999997
263.0 260.4239103552803 2.6379397079867886 0.11894683285602019 271.34999999999997
264.0 260.06270745660294 2.6393829335933536 0.12305642189711608 271.34999999999997
265.0 259.7023834792009 2.6408721531861366 0.12716601093821198 271.34999999999997
266.0 259.34312497431875 2.6424063588668223 0.13127559997930788 271.34999999999997
267.0 258.9851153263536 2.643984535789179 0.13538518902040378 271.34999999999997
268.0 258.628534570494 2.6456056631003935 0.13949477806149968 271.34999999999997
269.0 258.27355921496246 2.6472687148706564 0.14360436710259558 271.34999999999997
270.0 257.9203620682547 2.6489726610104594 0.14771395614369148 271.34999999999997
271.0 257.56911207176915 2.650716468175056 0.15182354518478738 271.34999999999997
272.0 257.2199741382112 2.652499100655518 0.15593313422588329 271.34999999999997
273.0 256.87310899615414 2.654319521255811 0.1600427232669792 271.34999999999997
274.0 256.5286730411262 2.656176692155304 0.1641523123080751 271.34999999999997
275.0 256.1868181935855 2.6580695757561146 0.168261901349171 271.34999999999997
276.0 255.8476917641308 2.659997135514694 0.1723714903902669 271.34999999999997
277.0 255.51143632628006 2.6619583367570465 0.1764810794313628 271.34999999999997
278.0 255.178189597136 2.6639521474769876 0.1805906684724587 271.34999999999997
279.0 254.84808432623564 2.665977539116832 0.1847002575135546 271.34999999999997
280.0 254.52124819286402 2.668033487329926 0.1888098465546505 271.34999999999997
281.0 254.19780371208844 2.670118972724439 0.1929194355957464 271.34999999999997
282.0 253.87786814974763 2.672232981587832 0.1970290246368423 271.34999999999997
283.0 253.56155344660468 2.674374506591448 0.2011386136779382 271.34999999999997
284.0 253.2489661518473 2.6765425474746833 0.2052482027190341 271.34999999999997
285.0 252.9402073660901 2.678736111708203 0.20935779176013 271.34999999999997
286.0 252.63537269400737 2.6809542151357095 0.2134673808012259 271.34999999999997
287.0 252.3345522066924 2.6831958825937767 0.2175769698423218 271.34999999999997
288.0 252.03783041381246 2.685460148509301 0.2216865588834177 271.34999999999997
289.0 251.7452862455947 2.6877460574741425 0.2257961479245136 271.34999999999997
290.0 251.456993044649 2.6900526647965717 0.2299057369656095 271.34999999999997
291.0 251.173018567601 2.6923790370291534 0.2340153260067054 271.34999999999997
292.0 250.89342499647753 2.694724252472755 0.2381249150478013 271.34999999999997
293.0 250.61826895975472 2.6970874016563893 0.2422345040888972 271.34999999999997
294.0 250.34760156294809 2.699467587792647 0.2463440931299931 271.34999999999997
295.0 250.08146842859242 2.701863927208514 0.250453682171089 271.34999999999997
296.0 249.81990974543 2.704275549751412 0.25456327121218486 271.34999999999997
297.0 249.56296032659608 2.7067015991703403 0.25867286025328073 271.34999999999997
298.0 249.3106496765609 2.7091412334720437 0.2627824492943766 271.34999999999997
299.0 249.06300206656312 2.7115936252521773 0.2668920383354725 271.34999999999997
300.0 248.8200366182404 2.71405796200148 0.27100162737656835 271.34999999999997
301.0 248.58176739514116 2.7165334463870177 0.27511121641766423 271.34999999999997
302.0 248.34820350177662 2.719019296508597 0.2792208054587601 271.34999999999997
303.0 248.11934918985295 2.721514746130508 0.283330394499856 271.34999999999997
304.0 247.8952039713024 2.7240190448887835 0.28743998354095185 271.34999999999997
305.0 247.67576273771581 2.7265314584742164 0.2877162266348745 271.34999999999997
306.0 247.47719611876073 2.72906675430397 0.28799246972879716 271.34999999999997
307.0 247.28341400864375 2.7316242542620905 0.2882687128227198 271.34999999999997
308.0 247.09438510736624 2.7342032863278094 0.2885449559166425 271.34999999999997
309.0 246.9100743330999 2.7368031850690144 0.28882119901056513 271.34999999999997
310.0 246.7304429800974 2.739423292111271 0.2890974421044878 271.34999999999997
311.0 246.55544887922122 2.7420629565822043 0.28937368519841045 271.34999999999997
312.0 246.38504656061966 2.7447215355311094 0.2896499282923331 271.34999999999997
313.0 246.21918741808355 2.747398394323735 0.28992617138625576 271.34999999999997
314.0 246.0578198746245 2.750092907012243 0.2902024144801784 271.34999999999997
315.0 245.90088954882313 2.7528044566804137 0.2904786575741011 271.34999999999997
316.0 245.74833942150653 2.755532435764225 0.29075490066802373 271.34999999999997
317.0 245.60011000232527 2.7582762463479957 0.2910311437619464 271.34999999999997
318.0 245.45613949581366 2.761035300436337 0.29130738685586904 271.34999999999997
319.0 245.3163639665316 2.7638090202022045 0.2915836299497917 271.34999999999997
320.0 245.18071750290173 2.76659683821141 0.29185987304371436 271.34999999999997
321.0 245.0491323793725 2.7693981976239757 0.292136116137637 271.34999999999997
322.0 244.92153921655589 2.7722125523727827 0.29241235923155967 271.34999999999997
323.0 244.79786713900637 2.7750393673199887 0.2926886023254823 271.34999999999997
324.0 244.67804393032807 2.777878118391736 0.292964845419405 271.34999999999997
325.0 244.5619961853156 2.78072829269171 0.29324108851332764 271.34999999999997
326.0 244.44964945885567 2.783589388594131 0.2935173316072503 271.34999999999997
327.0 244.34092841133653 2.7864609158167988 0.29379357470117295 271.34999999999997
328.0 244.2357569503331 2.789342395474827 0.2940698177950956 271.34999999999997
329.0 244.13405836835676 2.7922333601157434 0.29434606088901827 271.34999999999997
330.0 244.03575547648018 2.7951333537366265 0.2946223039829409 271.34999999999997
331.0 243.94077073366662 2.7980419317839904 0.2948985470768636 271.34999999999997
332.0 243.8490263716565 2.8009586611371264 0.29517479017078624 271.34999999999997
333.0 243.76044451528114 2.803883120075629 0.2954510332647089 271.34999999999997
334.0 243.67494729809604 2.806814898231839 0.29572727635863155 271.34999999999997
335.0 243.5924569732436 2.809753596528941 0.2960035194525542 271.34999999999997
336.0 243.512896019475 2.812698827105458 0.29627976254647687 271.34999999999997
337.0 243.43618724227852 2.8156502132268826 0.2965560056403995 271.34999999999997
338.0 243.36225387008014 2.8186073891851873 0.2968322487343222 271.34999999999997
339.0 243.29101964549704 2.821570000186945 0.29710849182824484 271.34999999999997
340.0 243.22240891164319 2.824537702230793 0.2973847349221675 271.34999999999997
341.0 243.15634669349942 2.827510161974955 0.29766097801609015 271.34999999999997
342.0 243.09275877437588 2.83048705659554 0.2979372211100128 271.34999999999997
343.0 243.031571767508 2.8334680736363094 0.29821346420393546 271.34999999999997
344.0 242.9727131828397 2.836452910850602 0.2984897072978581 271.34999999999997
345.0 242.91611148905992 2.839441276036089 0.2987659503917808 271.34999999999997
346.0 242.86169617096886 2.8424328868630107 0.29904219348570343 271.34999999999997
347.0 242.8093977822611 2.845427470696536 0.2993184365796261 271.34999999999997
348.0 242.7591479938216 2.8484247644138643 0.29959467967354875 271.34999999999997
349.0 242.7108796376386 2.851424514216671 0.2998709227674714 271.34999999999997
350.0 242.66452674644654 2.85442647543948 0.30014716586139406 271.34999999999997
351.0 242.62002458921643 2.8574304123545198 0.3004234089553167 271.34999999999997
352.0 242.57730970261966 2.8604360979736123 0.3006996520492394 271.34999999999997
353.0 242.53631991859424 2.863443313847604 0.30097589514316203 271.34999999999997
354.0 242.4969943881478 2.8664518498638447 0.3012521382370847 271.34999999999997
355.0 242.45927360153598 2.8694615040421847 0.30152838133100734 271.34999999999997
356.0 242.4230994049559 2.8724720823299483 0.30180462442493 271.34999999999997
357.0 242.38841501389913 2.8754833983963124 0.30208086751885266 271.34999999999997
358.0 242.35516502330813 2.8784952734265015 0.3023571106127753 271.34999999999997
359.0 242.32329541468272 2.8815075359161835 0.30263335370669797 271.34999999999997
360.0 242.29275356028248 2.88452002146644 0.30290959680062063 271.34999999999997
361.0 242.26348822457214 2.887532572579645 0.3031858398945433 271.34999999999997
362.0 242.2354495630554 2.890545038456583 0.30346208298846594 271.34999999999997
363.0 242.20858911864246 2.8935572747951075 0.3037383260823886 271.34999999999997
364.0 242.1828598156947 2.896569143590616 0.30401456917631126 271.34999999999997
365.0 242.15821595188822 2.8995805129386096 0.3042908122702339 271.34999999999997
