0.0 241.9057552274454 2.8801189999507915 0.3042725667777051 -1.8000000000000114
1.0 241.90677147010393 2.883207761119259 0.30454880987162775 -1.8000000000000114
2.0 241.90810898539192 2.886292701934265 0.3048250529655504 -1.8000000000000114
3.0 241.9097865041222 2.8893737907129013 0.30510129605947306 -1.8000000000000114
4.0 241.9118237078222 2.892450993447806 0.3053775391533957 -1.8000000000000114
5.0 241.91424126449695 2.895524273696005 0.3056537822473184 -1.8000000000000114
6.0 241.91706086488452 2.8985935924638806 0.30593002534124103 -1.8000000000000114
7.0 241.9203052591454 2.9016589080882413 0.3062062684351637 -1.8000000000000114
8.0 241.92399829392087 2.9047201761134684 0.30648251152908634 -1.8000000000000114
9.0 241.9281649496907 2.9077773491647245 0.306758754623009 -1.8000000000000114
10.0 241.9328313783532 2.910830376817225 0.30703499771693166 -1.8000000000000114
11.0 241.9380249409451 2.913879205461571 0.3073112408108543 -1.8000000000000114
12.0 241.94377424541202 2.91692377816517 0.30758748390477697 -1.8000000000000114
13.0 241.95010918433343 2.9199640345297593 0.3078637269986996 -1.8000000000000114
14.0 241.95706097249936 2.9229999105450872 0.3081399700926223 -1.8000000000000114
15.0 241.96466218422896 2.926031338438791 0.30841621318654494 -1.8000000000000114
16.0 241.97294679031413 2.9290582465225463 0.3086924562804676 -1.8000000000000114
17.0 241.9819501944645 2.9320805590345707 0.30896869937439025 -1.8000000000000114
18.0 241.9917092691218 2.935098195978567 0.3092449424683129 -1.8000000000000114
19.0 242.00226239050556 2.938111072959231 0.30952118556223557 -1.8000000000000114
20.0 242.01364947274408 2.94111910101444 0.3097974286561582 -1.8000000000000114
21.0 242.0259120009374 2.9441221864442797 0.3100736717500809 -1.8000000000000114
22.0 242.03909306299184 2.9471202306370623 0.31034991484400354 -1.8000000000000114
23.0 242.05323738005856 2.9501131298925256 0.3106261579379262 -1.8000000000000114
24.0 242.06839133540115 2.953100775242412 0.31090240103184885 -1.8000000000000114
25.0 242.08460300151103 2.9560830522686485 0.3111786441257715 -1.8000000000000114
26.0 242.10192216528202 2.959059840919373 0.31145488721969417 -1.8000000000000114
27.0 242.12040035104962 2.96203101532307 0.3117311303136168 -1.8000000000000114
28.0 242.14009084129395 2.964996443601098 0.3120073734075395 -1.8000000000000114
29.0 242.1610486947998 2.9679559876789225 0.31228361650146214 -1.8000000000000114
30.0 242.1833307620616 2.970909503096381 0.3125598595953848 -1.8000000000000114
31.0 242.2069956977167 2.973856838817333 0.31283610268930745 -1.8000000000000114
32.0 242.23210396978533 2.976797837039079 0.3131123457832301 -1.8000000000000114
33.0 242.25871786549203 2.9797323330019414 0.31338858887715276 -1.8000000000000114
34.0 242.28690149344067 2.9826601547994374 0.3136648319710754 -1.8000000000000114
35.0 242.31672078191187 2.9855811231894913 0.3139410750649981 -1.8000000000000114
36.0 242.34824347305081 2.9884950514071593 0.31421731815892073 -1.8000000000000114
37.0 242.38153911271158 2.9914017449793637 0.3144935612528434 -1.8000000000000114
38.0 242.41667903572576 2.9943010015421563 0.31476980434676605 -1.8000000000000114
39.0 242.4537363463625 2.997192610661055 0.3150460474406887 -1.8000000000000114
40.0 242.4927858937501 3.000076353655021 0.31532229053461136 -1.8000000000000114
41.0 242.53390424203303 3.0029520034246637 0.315598533628534 -1.8000000000000114
42.0 242.5771696350413 3.0058193242852878 0.3158747767224567 -1.8000000000000114
43.0 242.62266195525578 3.0086780718054063 0.31615101981637933 -1.8000000000000114
44.0 242.6704626768601 3.0115279926513807 0.316427262910302 -1.8000000000000114
45.0 242.720654812677 3.0143688244388493 0.31670350600422464 -1.8000000000000114
46.0 242.7733228547982 3.0172002955916346 0.3169797490981473 -1.8000000000000114
47.0 242.82855270872707 3.0200221252088353 0.31725599219206996 -1.8000000000000114
48.0 242.88643162086615 3.022834022940814 0.3175322352859926 -1.8000000000000114
49.0 242.9470480991965 3.0256356888748193 0.31780847837991527 -1.8000000000000114
50.0 243.0104918270111 3.0284268134309733 0.31808472147383793 -1.8000000000000114
51.0 243.0768535695817 3.0312070772693844 0.3183609645677606 -1.8000000000000114
52.0 243.1462250736589 3.0339761512091328 0.31863720766168324 -1.8000000000000114
53.0 243.2186989597245 3.0367336961598936 0.3189134507556059 -1.8000000000000114
54.0 243.29436860693752 3.0394793630669565 0.31918969384952856 -1.8000000000000114
55.0 243.37332803074094 3.0422127928704032 0.3194659369434512 -1.8000000000000114
56.0 243.45567175311876 3.0449336164791982 0.31974218003737387 -1.8000000000000114
57.0 243.54149466552272 3.047641454760941 0.3200184231312965 -1.8000000000000114
58.0 243.63089188451437 3.0503359185480194 0.3202946662252192 -1.8000000000000114
59.0 243.72395860019932 3.0530166086608874 0.32057090931914184 -1.8000000000000114
60.0 243.8207899175604 3.055683115949176 0.3208471524130645 -1.8000000000000114
61.0 243.92148069082992 3.0583350213513247 0.32112339550698715 -1.8000000000000114
62.0 244.0261253510734 3.0609718959733963 0.3213996386009098 -1.8000000000000114
63.0 244.1348177271921 3.0635933011877126 0.32167588169483247 -1.8000000000000114
64.0 244.2476508605864 3.0661987887519127 0.3219521247887551 -1.8000000000000114
65.0 244.36471681375804 3.0687879009490056 0.3222283678826778 -1.8000000000000114
66.0 244.48610647316457 3.0713601707489477 0.32250461097660044 -1.8000000000000114
67.0 244.61190934667655 3.0739151219922323 0.3227808540705231 -1.8000000000000114
68.0 244.7422133560236 3.0764522695959338 0.32305709716444575 -1.8000000000000114
69.0 244.87710462465193 3.0789711197826 0.3233333402583684 -1.8000000000000114
70.0 245.01666726145177 3.081471170332331 0.32360958335229106 -1.8000000000000114
71.0 245.16098314084718 3.0839519108583255 0.3238858264462137 -1.8000000000000114
72.0 245.31013167977616 3.0864128231061225 0.3241620695401364 -1.8000000000000114
73.0 245.4641896121206 3.0888533812766896 0.32443831263405903 -1.8000000000000114
74.0 245.62323076117792 3.09127305237346 0.3247145557279817 -1.8000000000000114
75.0 245.7873258107946 3.0936712965733366 0.32499079882190435 -1.8000000000000114
76.0 245.9565420758117 3.096047567621622 0.325267041915827 -1.8000000000000114
77.0 246.13094327249476 3.0984013132507497 0.32554328500974966 -1.8000000000000114
78.0 246.31058928964654 3.1007319756226264 0.3258195281036723 -1.8000000000000114
79.0 246.4955359611188 3.1030389917943104 0.326095771197595 -1.8000000000000114
80.0 246.68583484045737 3.1053217942066795 0.32637201429151763 -1.8000000000000114
81.0 246.8815329784289 3.107579811195658 0.3266482573854403 -1.8000000000000114
82.0 247.0826727041873 3.109812467525497 0.32692450047936294 -1.8000000000000114
83.0 247.28929141084552 3.112019184943517 0.3272007435732856 -1.8000000000000114
84.0 247.50142134622072 3.1141993827556544 0.32747698666720826 -1.8000000000000114
85.0 247.71908940952025 3.1163524784220593 0.3277532297611309 -1.8000000000000114
86.0 247.94231695473127 3.1184778881719284 0.32802947285505357 -1.8000000000000114
87.0 248.17111960146684 3.1205750276366766 0.32830571594897623 -1.8000000000000114
88.0 248.4055070540096 3.1226433125004722 0.3285819590428989 -1.8000000000000114
89.0 248.64548292927498 3.1246821591671012 0.32885820213682154 -1.8000000000000114
90.0 248.89104459439622 3.126690985442045 0.3291344452307442 -1.8000000000000114
91.0 249.14218301460642 3.128669211228603 0.32941068832466686 -1.8000000000000114
92.0 249.39888261206394 3.130616259236824 0.3296869314185895 -1.8000000000000114
93.0 249.66112113623387 3.1325315557039484 0.32996317451251217 -1.8000000000000114
94.0 249.92886954640088 3.134414531125029 0.3302394176064348 -1.8000000000000114
95.0 250.20209190684818 3.136264620992323 0.3305156607003575 -1.8000000000000114
96.0 250.4807452951933 3.1380812665420357 0.33079190379428014 -1.8000000000000114
97.0 250.76477972432394 3.13986391550693 0.3310681468882028 -1.8000000000000114
98.0 251.0541380783282 3.1416120228733075 0.33134438998212545 -1.8000000000000114
99.0 251.3487560627599 3.143325051640825 0.3316206330760481 -1.8000000000000114
100.0 251.64856216952663 3.145002473583596 0.33189687616997077 -1.8000000000000114
101.0 251.95347765663158 3.146643770011021 0.3321731192638934 -1.8000000000000114
102.0 252.26341654294222 3.148248432526756 0.3324493623578161 -1.8000000000000114
103.0 252.57828561810143 3.1498159637842686 0.33272560545173874 -1.8000000000000114
104.0 252.89798446763683 3.1513458782373904 0.3330018485456614 -1.8000000000000114
105.0 253.2224055132655 3.1528377028843164 0.33327809163958405 -1.8000000000000114
106.0 253.55143406833164 3.1542909780035067 0.3335543347335067 -1.8000000000000114
107.0 253.8849484082568 3.1557052578799687 0.33383057782742936 -1.8000000000000114
108.0 254.22281985582507 3.157080111520426 0.334106820921352 -1.8000000000000114
109.0 254.56491288106852 3.1584151233559146 0.3343830640152747 -1.8000000000000114
110.0 254.91108521546556 3.159709893930388 0.33465930710919733 -1.8000000000000114
111.0 255.26118798011115 3.1609640405739485 0.33493555020312 -1.8000000000000114
112.0 255.61506582746867 3.162177198059385 0.33521179329704265 -1.8000000000000114
113.0 255.972557096266 3.163349019240733 0.3354880363909653 -1.8000000000000114
114.0 256.3334939790544 3.164479175672643 0.33576427948488796 -1.8000000000000114
115.0 256.69770270190674 3.1655673582093997 0.3360405225788106 -1.8000000000000114
116.0 257.0650037156951 3.1666132775824947 0.3363167656727333 -1.8000000000000114
117.0 257.43521189835377 3.1676166649557285 0.33659300876665593 -1.8000000000000114
118.0 257.8081367675011 3.1685772724568806 0.3368692518605786 -1.8000000000000114
119.0 258.1835827027703 3.169494873685064 0.33714549495450125 -1.8000000000000114
120.0 258.561349177174 3.1703692641929475 0.3387583981803077 -1.8000000000000114
121.0 258.9392688500359 3.1711981106081994 0.3403713014061141 -1.8000000000000114
122.0 259.31924006458814 3.171981395293854 0.34198420463192053 -1.8000000000000114
123.0 259.70104716028084 3.1727191236928807 0.34359710785772696 -1.8000000000000114
124.0 260.08447044047364 3.1734113245706532 0.3452100110835334 -1.8000000000000114
125.0 260.46928644289864 3.174058050227492 0.3468229143093398 -1.8000000000000114
126.0 260.8552682150805 3.1746593766811633 0.34843581753514624 -1.8000000000000114
127.0 261.2421855939587 3.1752154038192923 0.35004872076095267 -1.8000000000000114
128.0 261.6298054889626 3.175726255521713 0.3516616239867591 -1.8000000000000114
129.0 262.0178921678034 3.1761920797528567 0.3532745272125655 -1.8000000000000114
130.0 262.4062075442557 3.176613048624344 0.35488743043837195 -1.8000000000000114
131.0 262.7945114672216 3.176989358428012 0.3565003336641784 -1.8000000000000114
132.0 263.1825620103867 3.17732122963967 0.3581132368899848 -1.8000000000000114
133.0 263.5701157618006 3.1776089068939344 0.35972614011579124 -1.8000000000000114
134.0 263.956928112736 3.1778526589305507 0.36133904334159767 -1.8000000000000114
135.0 264.34275354520764 3.178052778512663 0.3629519465674041 -1.8000000000000114
136.0 264.7273459175591 3.178209582317533 0.3645648497932105 -1.8000000000000114
137.0 265.11045874755445 3.1783234108002687 0.36617775301901695 -1.8000000000000114
138.0 265.4918454924402 3.178394628031145 0.3677906562448234 -1.8000000000000114
139.0 265.87125982547656 3.1784236215071537 0.3694035594706298 -1.8000000000000114
140.0 266.24845590846627 3.1784108019384467 0.37101646269643623 -1.8000000000000114
141.0 266.623188659842 3.178356603010359 0.37262936592224266 -1.8000000000000114
142.0 266.99521401790713 3.1782614811217376 0.3742422691480491 -1.8000000000000114
143.0 267.36428919885526 3.1781259151003205 0.3758551723738555 -1.8000000000000114
144.0 267.7301729492274 3.1779504058959227 0.37746807559966195 -1.8000000000000114
145.0 268.0926257924979 3.177735476252214 0.3790809788254684 -1.8000000000000114
146.0 268.4514102695122 3.1774816703578774 0.3806938820512748 -1.8000000000000114
147.0 268.8062911725284 3.177189553477955 0.38230678527708123 -1.8000000000000114
148.0 269.15703577264946 3.1768597115661854 0.38391968850288766 -1.8000000000000114
149.0 269.5034140404579 3.176492750859156 0.3855325917286941 -1.8000000000000114
150.0 269.8451988596959 3.1760892974530757 0.3871454949545005 -1.8000000000000114
151.0 270.1821662338614 3.1756499968639975 0.3871454949545005 -1.8000000000000114
152.0 270.51422097024414 3.175175670441744 0.3871454949545005 -1.8000000000000114
153.0 270.84092155793013 3.174666878264217 0.3871454949545005 -1.8000000000000114
154.0 271.1620584759655 3.174124202040637 0.3871454949545005 -1.8000000000000114
155.0 271.47742609211434 3.1735482447416126 0.3871454949545005 -1.8000000000000114
156.0 271.7868228292289 3.1729396302127513 0.3871454949545005 -1.8000000000000114
157.0 272.09005132449437 3.1722990027724345 0.3871454949545005 -1.8000000000000114
158.0 272.3869185815747 3.171627026794377 0.3871454949545005 -1.8000000000000114
159.0 272.6772361157054 3.1709243862755767 0.3871454949545005 -1.8000000000000114
160.0 272.96082009178974 3.170191784390265 0.3871454949545005 -1.8000000000000114
161.0 273.15 3.1694391827356903 0.3868067716163612 -1.8000000000000114
162.0 273.15 3.1686864796330667 0.3854226587923093 -1.8000000000000114
163.0 273.15 3.167933435845552 0.383019192604916 -1.8000000000000114
164.0 273.15 3.167179815550135 0.379623259694312 -1.8000000000000114
165.0 273.15 3.166425384879558 0.3752625819237746 -1.8000000000000114
166.0 273.15 3.165669910542267 0.36996569971853444 -1.8000000000000114
167.0 273.15 3.1649131584992745 0.3637619541243932 -1.8000000000000114
168.0 273.15 3.164154892679142 0.3566814676683464 -1.8000000000000114
169.0 273.15 3.1633948737140725 0.3487551241004683 -1.8000000000000114
170.0 273.15 3.162632857681387 0.34001454709457263 -1.8000000000000114
171.0 273.15 3.1618685948356227 0.3304920779844035 -1.8000000000000114
172.0 273.15 3.1611018283170655 0.3202207526121795 -1.8000000000000114
173.0 273.15 3.1603322928228788 0.3092342773670848 -1.8000000000000114
174.0 273.15 3.1595597132270403 0.2975670044926721 -1.8000000000000114
175.0 273.15 3.1587838031351723 0.28525390674404744 -1.8000000000000114
176.0 273.15 3.1580042633599827 0.27233055147807 -1.8000000000000114
177.0 273.15 3.1572207803025227 0.2588330742625786 -1.8000000000000114
178.0 273.15 3.156433024223758 0.24479815209379047 -1.8000000000000114
179.0 273.15 3.155640647390124 0.2302629763144573 -1.8000000000000114
180.0 273.15 3.1548432820757695 0.21526522532904083 -1.8000000000000114
181.0 273.15 3.1540405384031436 0.19984303721599972 -1.8000000000000114
182.0 273.15 3.1532320020024858 0.1840349823411515 -1.8000000000000114
183.0 273.15 3.1524172314696703 0.16788003607982027 -1.8000000000000114
184.0 273.15 3.151595755600869 0.15141755175888466 -1.8000000000000114
185.0 273.15 3.1507670703816677 0.13468723393258375 -1.8000000000000114
186.0 273.15 3.149930635707845 0.11772911210758168 -1.8000000000000114
187.0 273.15 3.1490858718151373 0.10058351503272815 -1.8000000000000114
188.0 273.15 3.1482321553963324 0.08329104566634063 -1.8000000000000114
189.0 273.15 3.1473688153863324 0.059460738061168514 -1.8000000000000114
190.0 273.15 3.1464911490281837 0.026581944484538572 -1.8000000000000114
191.0 273.15 3.1389446285115605 0.0 -1.8000000000000114
192.0 273.15 3.11839590530092 0.0 -1.8000000000000114
193.0 273.15 3.098025726221099 0.0 -1.8000000000000114
194.0 273.15 3.07785162813531 0.0 -1.8000000000000114
195.0 273.15 3.0578909169651425 0.0 -1.8000000000000114
196.0 273.15 3.038160653279814 0.0 -1.8000000000000114
197.0 273.15 3.018677638346568 0.0 -1.8000000000000114
198.0 273.15 2.9994584006577254 0.0 -1.8000000000000114
199.0 273.15 2.9805191829487026 0.0 -1.8000000000000114
200.0 273.15 2.96187592972009 0.0 -1.8000000000000114
201.0 273.15 2.94354427527569 0.0 -1.8000000000000114
202.0 273.15 2.925539532287207 0.0 -1.8000000000000114
203.0 273.15 2.9078766808950633 0.0 -1.8000000000000114
204.0 273.15 2.890570358353642 0.0 -1.8000000000000114
205.0 273.15 2.873634849228051 0.0 -1.8000000000000114
206.0 273.15 2.857084076148343 0.0 -1.8000000000000114
207.0 273.15 2.840931591125971 0.0 -1.8000000000000114
208.0 273.15 2.825190567436109 0.0 -1.8000000000000114
209.0 273.15 2.8098737920683714 0.0 -1.8000000000000114
210.0 273.15 2.7949936587473636 0.0 -1.8000000000000114
211.0 273.15 2.780562161523427 0.0 -1.8000000000000114
212.0 273.15 2.7665908889329187 0.0 -1.8000000000000114
213.0 273.15 2.753091018726353 0.0 -1.8000000000000114
214.0 273.15 2.740073313161754 0.0 -1.8000000000000114
215.0 273.15 2.7275481148596423 0.0 -1.8000000000000114
216.0 273.15 2.7155253432151554 0.0 -1.8000000000000114
217.0 273.15 2.704014491361949 0.0 -1.8000000000000114
218.0 273.15 2.693024623681683 0.0 -1.8000000000000114
219.0 273.15 2.682564373852108 0.0 -1.8000000000000114
220.0 273.15 2.6726419434260063 0.0 -1.8000000000000114
221.0 273.15 2.6632651009325317 0.0 -1.8000000000000114
222.0 273.15 2.6544411814918103 0.0 -1.8000000000000114
223.0 273.15 2.646177086933026 0.0 -1.8000000000000114
224.0 273.15 2.638479286405618 0.0 -1.8000000000000114
225.0 273.15 2.6313538174726614 0.0 -1.8000000000000114
226.0 273.15 2.624806287674973 0.0 -1.8000000000000114
227.0 273.15 2.6188418765540185 0.0 -1.8000000000000114
228.0 273.15 2.6134653381212374 0.0 -1.8000000000000114
229.0 273.15 2.608681003761017 0.0 -1.8000000000000114
230.0 273.15 2.6044927855541617 0.0 -1.8000000000000114
231.0 273.15 2.602624772036071 0.0 -1.8000000000000114
232.0 273.15 2.6013523767014304 0.0 -1.8000000000000114
233.0 273.15 2.600357436392471 0.0008918515102724288 -1.8000000000000114
234.0 273.15 2.59936338101142 0.0035838507910206955 -1.8000000000000114
235.0 273.00014047935343 2.5984079838012932 0.0076934398321165855 -1.8000000000000114
236.0 272.47148744704623 2.5975812947634185 0.011803028873212475 -1.8000000000000114
237.0 271.94620545111576 2.596879826523409 0.015912617914308366 -1.8000000000000114
238.0 271.42442626979295 2.5963001528594316 0.020022206955404256 -1.8000000000000114
239.0 270.9062743502568 2.595838909405435 0.024131795996500147 -1.8000000000000114
240.0 270.3918670028523 2.5954927941911845 0.028241385037596038 -1.8000000000000114
241.0 269.8813146069498 2.5952585680285916 0.032350974078691926 -1.8000000000000114
242.0 269.3747208270507 2.5951330547536444 0.03646056311978781 -1.8000000000000114
243.0 268.87218283773245 2.5951131413330315 0.0405701521608837 -1.8000000000000114
244.0 268.3737915560272 2.5951957778443338 0.04467974120197959 -1.8000000000000114
245.0 267.87963187983354 2.5953779773384364 0.048789330243075475 -1.8000000000000114
246.0 267.38978293097796 2.5956568155925726 0.05289891928417136 -1.8000000000000114
247.0 266.9043183015649 2.5960294307621736 0.05700850832526725 -1.8000000000000114
248.0 266.42330630228537 2.596493022939452 0.06111809736636314 -1.8000000000000114
249.0 265.9468102113918 2.5970448536263846 0.06522768640745903 -1.8000000000000114
250.0 265.4748885230917 2.5976822451295183 0.06933727544855492 -1.8000000000000114
251.0 265.00759519416295 2.5984025798837442 0.0734468644896508 -1.8000000000000114
252.0 264.5449798876489 2.5992032997119385 0.0775564535307467 -1.8000000000000114
253.0 264.08708821255493 2.600081905027085 0.08166604257184258 -1.8000000000000114
254.0 263.63396195853176 2.601035953983241 0.08577563161293847 -1.8000000000000114
255.0 263.18563932460097 2.602063061581427 0.08988522065403436 -1.8000000000000114
256.0 262.74215514105265 2.603160898736258 0.09399480969513024 -1.8000000000000114
257.0 262.30354108371887 2.604327191308858 0.09810439873622613 -1.8000000000000114
258.0 261.9076750170517 2.605552552512999 0.10221398777732202 -1.8000000000000114
259.0 261.5452940018503 2.6068295914258375 0.1063235768184179 -1.8000000000000114
260.0 261.1830129543111 2.6081573259521433 0.1104331658595138 -1.8000000000000114
261.0 260.8210290100171 2.6095347623620446 0.11454275490060968 -1.8000000000000114
262.0 260.4595369035453 2.6109608962964512 0.11865234394170557 -1.8000000000000114
263.0 260.0987287720995 2.6124347137625428 0.12276193298280146 -1.8000000000000114
264.0 259.73879396218814 2.613955192118897 0.12687152202389734 -1.8000000000000114
265.0 259.3799188397334 2.6155213010498177 0.13098111106499324 -1.8000000000000114
266.0 259.02228660400215 2.617132003528393 0.13509070010608915 -1.8000000000000114
267.0 258.66607710575164 2.618786256767797 0.13920028914718505 -1.8000000000000114
268.0 258.311466669984 2.620483013160325 0.14330987818828095 -1.8000000000000114
269.0 257.9586279237013 2.6222212212036387 0.14741946722937685 -1.8000000000000114
270.0 257.60772962905077 2.6239998264136775 0.15152905627047275 -1.8000000000000114
271.0 257.2589365222448 2.6258177722236797 0.15563864531156865 -1.8000000000000114
272.0 256.91240915863307 2.627674000868744 0.15974823435266455 -1.8000000000000114
273.0 256.5683037642959 2.6295674542553558 0.16385782339376045 -1.8000000000000114
274.0 256.22677209451774 2.6314970748152877 0.16796741243485636 -1.8000000000000114
275.0 255.88796129948602 2.6334618063432873 0.17207700147595226 -1.8000000000000114
276.0 255.55201379754658 2.635460594817956 0.17618659051704816 -1.8000000000000114
277.0 255.21906715633145 2.6374923892052244 0.18029617955814406 -1.8000000000000114
278.0 254.88925398205515 2.6395561422438365 0.18440576859923996 -1.8000000000000114
279.0 254.56270181725722 2.641650811212253 0.18851535764033586 -1.8000000000000114
280.0 254.2395330472455 2.6437753586764 0.19262494668143176 -1.8000000000000114
281.0 253.91986481547315 2.6459287532176896 0.19673453572252766 -1.8000000000000114
282.0 253.60380894805692 2.648109970140771 0.20084412476362357 -1.8000000000000114
283.0 253.29147188761755 2.6503179921604625 0.20495371380471947 -1.8000000000000114
284.0 252.98295463659744 2.652551810067355 0.20906330284581537 -1.8000000000000114
285.0 252.67835271018106 2.6548104233715897 0.21317289188691127 -1.8000000000000114
286.0 252.37775609891457 2.6570928409243373 0.21728248092800717 -1.8000000000000114
287.0 252.0812492410917 2.659398081516535 0.22139206996910307 -1.8000000000000114
288.0 251.78891100494096 2.6617251744544648 0.22550165901019897 -1.8000000000000114
289.0 251.50081468061938 2.664073160111794 0.22961124805129488 -1.8000000000000114
290.0 251.21702798198567 2.6664410904577216 0.23372083709239078 -1.8000000000000114
291.0 250.93761305809443 2.668828029560921 0.23783042613348668 -1.8000000000000114
292.0 250.66262651432172 2.6712330540690012 0.24194001517458258 -1.8000000000000114
293.0 250.3921194430011 2.6736552536632523 0.24604960421567848 -1.8000000000000114
294.0 250.1261374634186 2.6760937314884705 0.2501591932567744 -1.8000000000000114
295.0 249.8647207709845 2.6785476045577195 0.25426878229787025 -1.8000000000000114
296.0 249.60790419537219 2.68101600413191 0.25837837133896613 -1.8000000000000114
297.0 249.35571726738377 2.683498076074133 0.262487960380062 -1.8000000000000114
298.0 249.10818429427735 2.685992981178723 0.2665975494211579 -1.8000000000000114
299.0 248.86532444326377 2.6884998954750787 0.27070713846225375 -1.8000000000000114
300.0 248.6271518328565 2.691018010506305 0.2748167275033496 -1.8000000000000114
301.0 248.3936756317362 2.6935465335827917 0.2789263165444455 -1.8000000000000114
302.0 248.1649001647698 2.696084688010893 0.28303590558554137 -1.8000000000000114
303.0 247.94082502580522 2.698631713296906 0.28714549462663724 -1.8000000000000114
304.0 247.7214451968448 2.701186865326602 0.2874217377205599 -1.8000000000000114
305.0 247.52321149541717 2.7037651788590966 0.28769798081448256 -1.8000000000000114
306.0 247.32975383765984 2.706365965402024 0.2879742239084052 -1.8000000000000114
307.0 247.14104081927084 2.708988542701284 0.28825046700232787 -1.8000000000000114
308.0 246.95703727023894 2.711632235240091 0.2885267100962505 -1.8000000000000114
309.0 246.7777044124066 2.71429637471317 0.2888029531901732 -1.8000000000000114
310.0 246.60300001961883 2.716980300475917 0.28907919628409584 -1.8000000000000114
311.0 246.43287857999024 2.719683359968395 0.2893554393780185 -1.8000000000000114
312.0 246.2672914598259 2.722404909114114 0.28963168247194115 -1.8000000000000114
313.0 246.10618706873947 2.725144312693608 0.2899079255658638 -1.8000000000000114
314.0 245.94951102551943 2.7279009446928857 0.29018416865978647 -1.8000000000000114
315.0 245.79720632430548 2.730674188626884 0.2904604117537091 -1.8000000000000114
316.0 245.64921350064756 2.7334634378381333 0.2907366548476318 -1.8000000000000114
317.0 245.5054707970339 2.7362680957708774 0.29101289794155444 -1.8000000000000114
318.0 245.36591432748878 2.73908757622096 0.2912891410354771 -1.8000000000000114
319.0 245.23047824085626 2.7419213035618335 0.29156538412939975 -1.8000000000000114
320.0 245.09909488240265 2.744768712947099 0.2918416272233224 -1.8000000000000114
321.0 244.97169495338878 2.747629250490023 0.29211787031724507 -1.8000000000000114
322.0 244.84820766828096 2.7505023734205327 0.2923941134111677 -1.8000000000000114
323.0 244.72856090928946 2.75338755022021 0.2926703565050904 -1.8000000000000114
324.0 244.61268137794198 2.7562842607358604 0.29294659959901304 -1.8000000000000114
325.0 244.50049474342185 2.7591919962722513 0.2932228426929357 -1.8000000000000114
326.0 244.3919257874183 2.76211025966465 0.29349908578685835 -1.8000000000000114
327.0 244.28689854525985 2.765038565331813 0.293775328880781 -1.8000000000000114
328.0 244.1853364431205 2.767976439310105 0.29405157197470366 -1.8000000000000114
329.0 244.08716243111067 2.770923419269445 0.2943278150686263 -1.8000000000000114
330.0 243.99229911208423 2.7738790545117884 0.294604058162549 -1.8000000000000114
331.0 243.90066886601446 2.776842905952874 0.29488030125647163 -1.8000000000000114
332.0 243.8121939698111 2.7798145460879726 0.2951565443503943 -1.8000000000000114
333.0 243.7267967124713 2.782793558942381 0.29543278744431695 -1.8000000000000114
334.0 243.644399505475 2.785779540007411 0.2957090305382396 -1.8000000000000114
335.0 243.56492498835607 2.7887720961626257 0.29598527363216226 -1.8000000000000114
336.0 243.488296129396 2.7917708455850763 0.2962615167260849 -1.8000000000000114
337.0 243.41443632140715 2.79477541764629 0.2965377598200076 -1.8000000000000114
338.0 243.343269472587 2.797785452797751 0.29681400291393023 -1.8000000000000114
339.0 243.27472009244198 2.8008006024456193 0.2970902460078529 -1.8000000000000114
340.0 243.208713372794 2.8038205288154137 0.29736648910177554 -1.8000000000000114
341.0 243.1451752638981 2.8068449048073796 0.2976427321956982 -1.8000000000000114
342.0 243.0840325457115 2.8098734138432544 0.29791897528962086 -1.8000000000000114
343.0 243.02521289436885 2.8129057497051195 0.2981952183835435 -1.8000000000000114
344.0 242.9686449439287 2.8159416163670223 0.29847146147746617 -1.8000000000000114
345.0 242.9142583434681 2.818980727820032 0.29874770457138883 -1.8000000000000114
346.0 242.86198380961198 2.822022807891375 0.2990239476653115 -1.8000000000000114
347.0 242.81175317459275 2.8250675900582785 0.29930019075923414 -1.8000000000000114
348.0 242.76349942994503 2.8281148172571284 0.2995764338531568 -1.8000000000000114
349.0 242.71715676594627 2.8311642416885388 0.29985267694707946 -1.8000000000000114
350.0 242.67266060692245 2.834215624618889 0.3001289200410021 -1.8000000000000114
351.0 242.62994764254262 2.837268736178887 0.30040516313492477 -1.8000000000000114
352.0 242.58895585523175 2.8403233551596774 0.3006814062288474 -1.8000000000000114
353.0 242.54962454383576 2.8433792688069994 0.3009576493227701 -1.8000000000000114
354.0 242.51189434367586 2.846436272613879 0.30123389241669274 -1.8000000000000114
355.0 242.47570724313306 2.84949417011231 0.3015101355106154 -1.8000000000000114
356.0 242.44100659690463 2.8525527726643607 0.30178637860453805 -1.8000000000000114
357.0 242.40773713607766 2.855611899253127 0.3020626216984607 -1.8000000000000114
358.0 242.3758449751645 2.858671376273916 0.30233886479238337 -1.8000000000000114
359.0 242.34527761624656 2.861731037326033 0.302615107886306 -1.8000000000000114
360.0 242.3159839503714 2.8647907230055205 0.3028913509802287 -1.8000000000000114
361.0 242.2879142563494 2.8678502806991752 0.30316759407415134 -1.8000000000000114
362.0 242.26102019709404 2.8709095643801503 0.303443837168074 -1.8000000000000114
363.0 242.23525481364854 2.873968434405421 0.30372008026199665 -1.8000000000000114
364.0 242.21057251704028 2.8770267573153845 0.3039963233559193 -1.8000000000000114
