0.0 245.1329034245665 2.9725272737009623 271.34999999999997
1.0 245.1279380908469 2.978514813064037 271.34999999999997
2.0 245.12345798126734 2.984490302079848 271.34999999999997
3.0 245.1194885881509 2.990453688387912 271.34999999999997
4.0 245.11605671903789 2.9964049132532145 271.34999999999997
5.0 245.11319054483644 3.0023439112907186 271.34999999999997
6.0 245.11091964848214 3.008270610180769 271.34999999999997
7.0 245.10927507400956 3.0141849303753743 271.34999999999997
8.0 245.10828937593035 3.0200867847953994 271.34999999999997
9.0 245.10799666880214 3.0259760785187084 271.34999999999997
10.0 245.10843267686508 3.031852708459337 271.34999999999997
11.0 245.10963478361043 3.0377165630377982 271.34999999999997
12.0 245.11164208113894 3.043567521842653 271.34999999999997
13.0 245.11449541915286 3.049405455283521 271.34999999999997
14.0 245.11823745341863 3.055230224235729 271.34999999999997
15.0 245.122912693524 3.061041679676842 271.34999999999997
16.0 245.1285675497444 3.066839662315348 271.34999999999997
17.0 245.13525037882144 3.072624002211829 271.34999999999997
18.0 245.14301152844655 3.078394518392962 271.34999999999997
19.0 245.1519033802315 3.0841510184587686 271.34999999999997
20.0 245.1619803909361 3.0898932981835587 271.34999999999997
21.0 245.17329913171463 3.0956211411110655 271.34999999999997
22.0 245.1859183251296 3.1013343181443185 271.34999999999997
23.0 245.19989887967293 3.107032587130852 271.34999999999997
24.0 245.21530392152442 3.112715692443899 271.34999999999997
25.0 245.23219882326669 3.1183833645602657 271.34999999999997
26.0 245.25065122926782 3.124035319635653 271.34999999999997
27.0 245.2707310774341 3.129671259078225 271.34999999999997
28.0 245.29251061702635 3.1352908691212975 271.34999999999997
29.0 245.31606442222747 3.1408938203960677 271.34999999999997
30.0 245.34146940114064 3.146479767505369 271.34999999999997
31.0 245.36880479989415 3.1520483485994837 271.34999999999997
32.0 245.39815220152204 3.157599184955117 271.34999999999997
33.0 245.4295955192878 3.1631318805586783 271.34999999999997
34.0 245.46322098411602 3.1686460216950874 271.34999999999997
35.0 245.49911712579467 3.174141176543366 271.34999999999997
36.0 245.53737474761354 3.179616894780341 271.34999999999997
37.0 245.57808689410413 3.185072707193839 271.34999999999997
38.0 245.62134881155177 3.1905081253067893 271.34999999999997
39.0 245.66725790095552 3.195922641013729 271.34999999999997
40.0 245.71591366311918 3.2013157262312264 271.34999999999997
41.0 245.76741763556586 3.2066868325638005 271.34999999999997
42.0 245.82187332098093 3.2120353909869515 271.34999999999997
43.0 245.87938610690088 3.217360811548953 271.34999999999997
44.0 245.9400631763827 3.2226624830930977 271.34999999999997
45.0 246.00401340940596 3.227939773002111 271.34999999999997
46.0 246.07134727478157 3.2331920269664853 271.34999999999997
47.0 246.14217671236358 3.23841856877849 271.34999999999997
48.0 246.2166150053871 3.2436187001536454 271.34999999999997
49.0 246.2947766427834 3.2487917005814473 271.34999999999997
50.0 246.37677717135495 3.253936827207132 271.34999999999997
51.0 246.46273303772546 3.2590533147462746 271.34999999999997
52.0 246.55276142001833 3.2641403754339913 271.34999999999997
53.0 246.64698004925344 3.2691971990105078 271.34999999999997
54.0 246.7455070204949 3.2742229527448212 271.34999999999997
55.0 246.8484605938254 3.279216781498153 271.34999999999997
56.0 246.955958985268 3.284177807828846 271.34999999999997
57.0 247.06812014782568 3.289105132140298 271.34999999999997
58.0 247.1850615428563 3.2939978328734827 271.34999999999997
59.0 247.30689990205457 3.2988549667455134 271.34999999999997
60.0 247.4337509803643 3.3036755690356476 271.34999999999997
61.0 247.56572930019783 3.3084586539200234 271.34999999999997
62.0 247.70294788739673 3.313203214856336 271.34999999999997
63.0 247.84551799942156 3.3179082250195426 271.34999999999997
64.0 247.9935488463159 3.322572637789576 271.34999999999997
65.0 248.1471473050452 3.3271953872919138 271.34999999999997
66.0 248.3064176278675 3.3317753889917254 271.34999999999997
67.0 248.47146114544634 3.336311540342165 271.34999999999997
68.0 248.64237596547184 3.3408027214872367 271.34999999999997
69.0 248.81925666760517 3.3452477960194975 271.34999999999997
70.0 249.00219399561362 3.3496456117926976 271.34999999999997
71.0 249.19127454760903 3.353995001789283 271.34999999999997
72.0 249.386580465347 3.3582947850425153 271.34999999999997
73.0 249.58818912358436 3.362543767612781 271.34999999999997
74.0 249.79617282052905 3.3667407436174632 271.34999999999997
75.0 250.01059847044928 3.370884496313584 271.34999999999997
76.0 250.23152729953446 3.3749737992322077 271.34999999999997
77.0 250.4590145461247 3.379007417363428 271.34999999999997
78.0 250.69310916644042 3.3829841083905454 271.34999999999997
79.0 250.933853546955 3.3869026239718742 271.34999999999997
80.0 251.18128322455794 3.390761711068406 271.34999999999997
81.0 251.43542661565382 3.394560113315388 271.34999999999997
82.0 251.69630475533384 3.398296572435686 271.34999999999997
83.0 251.9639310477412 3.4019698296926206 271.34999999999997
84.0 252.23831102873007 3.405578627379806 271.34999999999997
85.0 252.5194421418877 3.4091217103453517 271.34999999999997
86.0 252.80731352895498 3.4125978275476387 271.34999999999997
87.0 253.1019058356363 3.4160057336397323 271.34999999999997
88.0 253.4031910337423 3.4193441905793707 271.34999999999997
89.0 253.71113226055238 3.4226119692613413 271.34999999999997
90.0 254.02568367622303 3.4258078511689507 271.34999999999997
91.0 254.3467903400004 3.4289306300412004 271.34999999999997
92.0 254.6743881059244 3.4319791135522 271.34999999999997
93.0 255.00840353863245 3.434952124999284 271.34999999999997
94.0 255.34875384979188 3.4378485049962433 271.34999999999997
95.0 255.6953468556033 3.4406671131680597 271.34999999999997
96.0 256.0480809557302 3.4434068298434917 271.34999999999997
97.0 256.40684513391835 3.4460665577418745 271.34999999999997
98.0 256.7715189804774 3.4486452236505025 271.34999999999997
99.0 257.14197273670334 3.451141780088983 271.34999999999997
100.0 257.5180673612256 3.4535552069570037 271.34999999999997
101.0 257.89965461817104 3.4558845131620055 271.34999999999997
102.0 258.2865771869424 3.4581287382233303 271.34999999999997
103.0 258.67866879331945 3.4602869538494927 271.34999999999997
104.0 259.07575436150177 3.4623582654853315 271.34999999999997
105.0 259.4776501866264 3.464341813825901 271.34999999999997
106.0 259.8841641272121 3.4662367762940933 271.34999999999997
107.0 260.2950958209562 3.468042368478238 271.34999999999997
108.0 260.7102368976748 3.4697578455315474 271.34999999999997
109.0 261.1293712556725 3.471382503521044 271.34999999999997
110.0 261.55227530644686 3.472915680733987 271.34999999999997
111.0 261.978718261602 3.4743567589339324 271.34999999999997
112.0 262.40846242929763 3.475705164565561 271.34999999999997
113.0 262.84126352488147 3.4769603699063523 271.34999999999997
114.0 263.27687099468164 3.4781218941633805 271.34999999999997
115.0 263.7150283519012 3.4791893045136724 271.34999999999997
116.0 264.1554735235341 3.4801622170867637 271.34999999999997
117.0 264.5979392072006 3.481040297888257 271.34999999999997
118.0 265.04215323678784 3.481823263663374 271.34999999999997
119.0 265.48783895577486 3.4825108826996676 271.34999999999997
120.0 265.9347155971208 3.483102975568227 271.34999999999997
121.0 266.3824986685995 3.483599415802895 271.34999999999997
122.0 266.8309003424751 3.4840001305171637 271.34999999999997
123.0 267.27962984842947 3.4843051009585797 271.34999999999997
124.0 267.7283938686721 3.4845143630006485 271.34999999999997
125.0 268.17689693418913 3.484628007572366 271.34999999999997
126.0 268.62484182111854 3.4846461810256435 271.34999999999997
127.0 269.07192994626877 3.484569085441028 271.34999999999997
128.0 269.51786176083885 3.484396978872238 271.34999999999997
129.0 269.9623371414341 3.4841301755301477 271.34999999999997
130.0 270.4050557803882 3.483769045906348 271.34999999999997
131.0 270.8457175544556 3.4833140168407986 271.34999999999997
132.0 271.28402293145905 3.482765571525299 271.34999999999997
133.0 271.7196733135655 3.482124249456046 271.34999999999997
134.0 272.1523714171156 3.4813906463271427 271.34999999999997
135.0 272.5818216280152 3.480565413869891 271.34999999999997
136.0 273.00773035222886 3.479649259638425 271.34999999999997
137.0 273.15 3.4806948084979052 271.34999999999997
138.0 273.15 3.4811381209726293 271.34999999999997
139.0 273.15 3.4809825812347204 271.34999999999997
140.0 273.15 3.4802320355950216 271.34999999999997
141.0 273.15 3.478890794084704 271.34999999999997
142.0 273.15 3.476963631401095 271.34999999999997
143.0 273.15 3.474455787210834 271.34999999999997
144.0 273.15 3.471372965804821 271.34999999999997
145.0 273.15 3.4677213351008027 271.34999999999997
146.0 273.15 3.46350752499085 271.34999999999997
147.0 273.15 3.458738625032372 271.34999999999997
148.0 273.15 3.453422181482748 271.34999999999997
149.0 273.15 3.447566193679058 271.34999999999997
150.0 273.15 3.4411791097658226 271.34999999999997
151.0 273.15 3.4342698217750804 271.34999999999997
152.0 273.15 3.4268476600645084 271.34999999999997
153.0 273.15 3.4189223871207077 271.34999999999997
154.0 273.15 3.4105041907361278 271.34999999999997
155.0 273.15 3.4016036765694495 271.34999999999997
156.0 273.15 3.392231860100574 271.34999999999997
157.0 273.15 3.3824001579926466 271.34999999999997
158.0 273.15 3.3721203788748007 271.34999999999997
159.0 273.15 3.361404713560523 271.34999999999997
160.0 273.15 3.3502657247177146 271.34999999999997
161.0 273.15 3.3387163360076526 271.34999999999997
162.0 273.15 3.326769820711138 271.34999999999997
163.0 273.15 3.314439789861142 271.34999999999997
164.0 273.15 3.3017401799022497 271.34999999999997
165.0 273.15 3.288685239898105 271.34999999999997
166.0 273.15 3.2752895183089343 271.34999999999997
167.0 273.15 3.2615678493620224 271.34999999999997
168.0 273.15 3.2475353390387522 271.34999999999997
169.0 273.15 3.233207350702496 271.34999999999997
170.0 273.15 3.2185994903922532 271.34999999999997
171.0 273.15 3.203727591807471 271.34999999999997
172.0 273.15 3.188607701009961 271.34999999999997
173.0 273.15 3.173256060869236 271.34999999999997
174.0 273.15 3.157689095277918 271.34999999999997
175.0 273.15 3.141923393164149 271.34999999999997
176.0 273.15 3.1259756923281397 271.34999999999997
177.0 273.15 3.10986286313011 271.34999999999997
178.0 273.15 3.093601892056966 271.34999999999997
179.0 273.15 3.077209865195031 271.34999999999997
180.0 273.15 3.060703951636107 271.34999999999997
181.0 273.15 3.0441013868439963 271.34999999999997
182.0 273.15 3.027419456008431 271.34999999999997
183.0 273.15 3.0106754774130997 271.34999999999997
184.0 273.15 2.993886785844145 271.34999999999997
185.0 273.15 2.9770707160651466 271.34999999999997
186.0 273.15 2.9602445863841638 271.34999999999997
187.0 273.15 2.943425682337945 271.34999999999997
188.0 273.15 2.9266312405178794 271.34999999999997
189.0 273.15 2.9098784325616798 271.34999999999997
190.0 273.15 2.8931843493341827 271.34999999999997
191.0 273.15 2.8765659853199645 271.34999999999997
192.0 273.15 2.860040223249784 271.34999999999997
193.0 273.15 2.8436238189821093 271.34999999999997
194.0 273.15 2.827333386660216 271.34999999999997
195.0 273.15 2.8111853841645353 271.34999999999997
196.0 273.15 2.7951960988790896 271.34999999999997
197.0 273.15 2.7793816337899995 271.34999999999997
198.0 273.15 2.7637578939331564 271.34999999999997
199.0 273.15 2.7483405732072566 271.34999999999997
200.0 273.15 2.733145141567465 271.34999999999997
201.0 273.15 2.7181868326140552 271.34999999999997
202.0 273.15 2.7034806315894193 271.34999999999997
203.0 273.15 2.6890412637958883 271.34999999999997
204.0 273.15 2.6748831834458557 271.34999999999997
205.0 273.15 2.6610205629547266 271.34999999999997
206.0 273.15 2.6474672826862595 271.34999999999997
207.0 273.15 2.6342369211589074 271.34999999999997
208.0 273.15 2.6213427457208174 271.34999999999997
209.0 273.15 2.6087977037001906 271.34999999999997
210.0 273.15 2.596614414036778 271.34999999999997
211.0 273.15 2.5848051593993557 271.34999999999997
212.0 273.15 2.5733818787931084 271.34999999999997
213.0 273.15 2.5623561606599567 271.34999999999997
214.0 273.15 2.551739236473976 271.34999999999997
215.0 273.15 2.5415419748331947 271.34999999999997
216.0 273.15 2.531774876048214 271.34999999999997
217.0 273.15 2.522448067227263 271.34999999999997
218.0 273.15 2.5135712978565117 271.34999999999997
219.0 273.15 2.505153935873669 271.34999999999997
220.0 273.15 2.497204964232159 271.34999999999997
221.0 273.15 2.4897329779524147 271.34999999999997
222.0 273.15 2.4827461816561476 271.34999999999997
223.0 273.15 2.4762523875787505 271.34999999999997
224.0 273.15 2.47025901405436 271.34999999999997
225.0 273.15 2.4647730844674602 271.34999999999997
226.0 273.15 2.459801226664331 271.34999999999997
227.0 273.15 2.4553496728170576 271.34999999999997
228.0 273.15 2.451424259732288 271.34999999999997
229.0 273.15 2.4480304295964026 271.34999999999997
230.0 273.15 2.4451732311482806 271.34999999999997
231.0 273.15 2.442857321270382 271.34999999999997
232.0 273.15 2.4410869669884376 271.34999999999997
233.0 273.15 2.4398660478696352 271.34999999999997
234.0 273.15 2.4391980588088096 271.34999999999997
235.0 273.1172589969378 2.4380975813821797 271.34999999999997
236.0 272.7471310757091 2.437109581993641 271.34999999999997
237.0 272.3746762221746 2.436234885612843 271.34999999999997
238.0 272.00010569294074 2.4354742382005186 271.34999999999997
239.0 271.6236297596823 2.4348283065230114 271.34999999999997
240.0 271.2454575525169 2.434297678067538 271.34999999999997
241.0 270.8657969051701 2.4338828610587337 271.34999999999997
242.0 270.48485420202235 2.433584284576777 271.34999999999997
243.0 270.1028342271421 2.433402298777135 271.34999999999997
244.0 269.71994001587495 2.433337175211573 271.34999999999997
245.0 269.3363727054732 2.43338910725091 271.34999999999997
246.0 268.95233139597167 2.4335582106063636 271.34999999999997
247.0 268.5680130026644 2.433844523951784 271.34999999999997
248.0 268.1836121191647 2.4342480096430656 271.34999999999997
249.0 267.79932087976766 2.4347685545342506 271.34999999999997
250.0 267.4153288250281 2.43540597088842 271.34999999999997
251.0 267.0318227701162 2.4361599973814143 271.34999999999997
252.0 266.6489866760619 2.4370303001961675 271.34999999999997
253.0 266.26700152400076 2.4380164742052357 271.34999999999997
254.0 265.8860451925373 2.4391180442388674 271.34999999999997
255.0 265.50629233834456 2.4403344664357656 271.34999999999997
256.0 265.12791428012105 2.4416651296734884 271.34999999999997
257.0 264.751078886029 2.443109357075253 271.34999999999997
258.0 264.37595046473984 2.4446664075897333 271.34999999999997
259.0 264.00268966021497 2.446335477640274 271.34999999999997
260.0 263.63145335035244 2.4481157028398077 271.34999999999997
261.0 263.2623945496307 2.450006159767614 271.34999999999997
262.0 262.8956623158815 2.4520058678039462 271.34999999999997
263.0 262.53140166132596 2.4541137910184436 271.34999999999997
264.0 262.16975346800587 2.456328840108152 271.34999999999997
265.0 261.8108544077445 2.4586498743809035 271.34999999999997
266.0 261.45483686676613 2.4610757037797386 271.34999999999997
267.0 261.1018288751062 2.463605090944007 271.34999999999997
268.0 260.7519540409374 2.466236753302755 271.34999999999997
269.0 260.40533148993677 2.4689693651959845 271.34999999999997
270.0 260.06207580981237 2.4718015600193586 271.34999999999997
271.0 259.7222970001051 2.4747319323879604 271.34999999999997
272.0 259.38610042193363 2.4777590403163385 271.34999999999997
273.0 259.0535867789073 2.4808814074027916 271.34999999999997
274.0 258.72485205496304 2.4840975250282065 271.34999999999997
275.0 258.39998750410314 2.4874058545513247 271.34999999999997
276.0 258.07907962385485 2.4908048295028977 271.34999999999997
277.0 257.7622101387501 2.494292857773394 271.34999999999997
278.0 257.44945598967536 2.4978683237902795 271.34999999999997
279.0 257.1408893291366 2.5015295906810056 271.34999999999997
280.0 256.83657752247467 2.505275002417947 271.34999999999997
281.0 256.53658315504975 2.5091028859416666 271.34999999999997
282.0 256.24096404540313 2.5130115532590094 271.34999999999997
283.0 255.9497732643904 2.5169993035126725 271.34999999999997
284.0 255.66305916026363 2.521064425019047 271.34999999999997
285.0 255.3808653896688 2.5252051972712746 271.34999999999997
286.0 255.10323095450647 2.529419892904627 271.34999999999997
287.0 254.83019024459108 2.533706779621477 271.34999999999997
288.0 254.56177308602727 2.538064122073294 271.34999999999997
289.0 254.29800479520742 2.5424901836972675 271.34999999999997
290.0 254.03890623831833 2.546983228505343 271.34999999999997
291.0 253.78449389623106 2.55154152282361 271.34999999999997
292.0 253.53477993463184 2.556163336980175 271.34999999999997
293.0 253.2897722792387 2.560846946939819 271.34999999999997
294.0 253.0494746959333 2.5655906358839125 271.34999999999997
295.0 252.81388687562472 2.570392695734237 271.34999999999997
296.0 252.58300452364836 2.5752514286195405 271.34999999999997
297.0 252.3568194534917 2.5801651482838115 271.34999999999997
298.0 252.13531968462615 2.5851321814354367 271.34999999999997
299.0 251.91848954421394 2.590150869036567 271.34999999999997
300.0 251.70630977244963 2.595219567532178 271.34999999999997
301.0 251.4987576312861 2.6003366500184675 271.34999999999997
302.0 251.29580701628763 2.6055005073503934 271.34999999999997
303.0 251.0974285713452 2.6107095491882912 271.34999999999997
304.0 250.90358980598432 2.6159622049836644 271.34999999999997
305.0 250.7142552149892 2.6212569249043765 271.34999999999997
306.0 250.52938640006556 2.6265921806996038 271.34999999999997
307.0 250.3489421932599 2.631966466505036 271.34999999999997
308.0 250.17287878185303 2.6373782995889368 271.34999999999997
309.0 250.0011498344443 2.642826221039778 271.34999999999997
310.0 249.8337066279443 2.6483087963962926 271.34999999999997
311.0 249.67049817519563 2.653824616220866 271.34999999999997
312.0 249.51147135294357 2.6593722966173035 271.34999999999997
313.0 249.35657102988358 2.6649504796940815 271.34999999999997
314.0 249.20574019451573 2.670557833974294 271.34999999999997
315.0 249.05892008254364 2.676193054753555 271.34999999999997
316.0 248.916050303561 2.6818548644072098 271.34999999999997
317.0 248.7770689667767 2.687542012648256 271.34999999999997
318.0 248.64191280553771 2.6932532767374373 271.34999999999997
319.0 248.51051730041817 2.69898746164702 271.34999999999997
320.0 248.38281680065228 2.704743400179805 271.34999999999997
321.0 248.25874464369886 2.71051995304497 271.34999999999997
322.0 248.1382332727369 2.716316008892359 271.34999999999997
323.0 248.02121435190153 2.722130484306868 271.34999999999997
324.0 247.90761887908207 2.7279623237646 271.34999999999997
325.0 247.7973772961158 2.7338104995524573 271.34999999999997
326.0 247.69041959622265 2.739674011652875 271.34999999999997
327.0 247.58667542853922 2.745551887595382 271.34999999999997
328.0 247.48607419962192 2.7514431822766827 271.34999999999997
329.0 247.38854517180263 2.757346977750954 271.34999999999997
330.0 247.29401755829198 2.763262382992028 271.34999999999997
331.0 247.2024206149382 2.7691885336291286 271.34999999999997
332.0 247.11368372856214 2.7751245916578124 271.34999999999997
333.0 247.02773650180023 2.781069745127733 271.34999999999997
334.0 246.9445088344007 2.787023207808836 271.34999999999997
335.0 246.86393100092837 2.7929842188375558 271.34999999999997
336.0 246.7859337248466 2.798952042344559 271.34999999999997
337.0 246.71044824895404 2.804925967065543 271.34999999999997
338.0 246.63740640216716 2.8109053059365685 271.34999999999997
339.0 246.5667406626468 2.8168893956753585 271.34999999999997
340.0 246.49838421727986 2.822877596349968 271.34999999999997
341.0 246.43227101753456 2.8288692909361766 271.34999999999997
342.0 246.368335831718 2.8348638848649195 271.34999999999997
343.0 246.30651429367282 2.840860805561032 271.34999999999997
344.0 246.24674294795727 2.846859501974525 271.34999999999997
345.0 246.18895929156187 2.8528594441055817 271.34999999999997
346.0 246.13310181222135 2.858860122524402 271.34999999999997
347.0 246.07911002338827 2.864861047886984 271.34999999999997
348.0 246.02692449593957 2.8708617504478826 271.34999999999997
349.0 245.97648688669392 2.8768617795709392 271.34999999999997
350.0 245.92773996382195 2.882860703238924 271.34999999999997
351.0 245.88062762923585 2.8888581075629927 271.34999999999997
352.0 245.83509493804934 2.8948535962928075 271.34999999999997
353.0 245.7910881152017 2.900846790328125 271.34999999999997
354.0 245.7485545693436 2.9068373272326142 271.34999999999997
355.0 245.70744290408345 2.9128248607506113 271.34999999999997
356.0 245.667702926697 2.9188090603274888 271.34999999999997
357.0 245.62928565440254 2.9247896106342535 271.34999999999997
358.0 245.5921433183073 2.9307662110969646 271.34999999999997
359.0 245.5562293651294 2.9367385754315047 271.34999999999997
360.0 245.52149845680245 2.9427064311842077 271.34999999999997
361.0 245.4879064680676 2.9486695192788 271.34999999999997
362.0 245.4554104821598 2.9546275935700756 271.34999999999997
363.0 245.42396878469322 2.9605804204046886 271.34999999999997
364.0 245.39354085584978 2.966527778189411 271.34999999999997
