0.0 242.51525110332153 2.811084868742366 0.304927630800771 271.34999999999997
1.0 242.18900731005948 2.814395484416281 0.3052054085785488 271.34999999999997
2.0 242.18924837293468 2.817745767498223 0.30548318635632654 271.34999999999997
3.0 242.1897925630377 2.821091841846731 0.3057609641341043 271.34999999999997
4.0 242.19065757590303 2.8244336791426528 0.3060387419118821 271.34999999999997
5.0 242.19186201720777 2.827771248801864 0.30631651968965984 271.34999999999997
6.0 242.1934254377976 2.831104517864804 0.3065942974674376 271.34999999999997
7.0 242.19536836925698 2.8344334508819817 0.30687207524521537 271.34999999999997
8.0 242.1977123599701 2.8377580097953947 0.30714985302299314 271.34999999999997
9.0 242.20048001161527 2.8410781538158325 0.3074276308007709 271.34999999999997
10.0 242.20369501602764 2.8443938392960266 0.30770540857854867 271.34999999999997
11.0 242.20738219236256 2.8477050195996276 0.30798318635632643 271.34999999999997
12.0 242.2115675244806 2.8510116449659937 0.3082609641341042 271.34999999999997
13.0 242.21627819847555 2.85431366237079 0.30853874191188196 271.34999999999997
14.0 242.2215426402535 2.8576110153824024 0.30881651968965973 271.34999999999997
15.0 242.22739055307127 2.8609036440141864 0.3090942974674375 271.34999999999997
16.0 242.23385295492776 2.8641914845725838 0.30937207524521526 271.34999999999997
17.0 242.24096221570434 2.8674744695011443 0.309649853022993 271.34999999999997
18.0 242.24875209393355 2.870752527220519 0.3099276308007708 271.34999999999997
19.0 242.25725777307613 2.8740255819644887 0.31020540857854856 271.34999999999997
20.0 242.266515897175 2.877293553612118 0.3104831863563263 271.34999999999997
21.0 242.27656460574826 2.880556357516142 0.3107609641341041 271.34999999999997
22.0 242.28744356777665 2.8838139043276994 0.31103874191188186 271.34999999999997
23.0 242.2991940146345 2.8870660998175524 0.3113165196896596 271.34999999999997
24.0 242.3118587718023 2.8903128446939514 0.3115942974674374 271.34999999999997
25.0 242.32548228919725 2.8935540344173196 0.31187207524521515 271.34999999999997
26.0 242.34011066994626 2.896789559011949 0.3121498530229929 271.34999999999997
27.0 242.35579169742306 2.900019302874929 0.3124276308007707 271.34999999999997
28.0 242.3725748603593 2.903243144582543 0.31270540857854845 271.34999999999997
29.0 242.39051137584104 2.90646095669439 0.3129831863563262 271.34999999999997
30.0 242.409654209986 2.9096726055555178 0.313260964134104 271.34999999999997
31.0 242.430058096101 2.9128779510968683 0.31353874191188175 271.34999999999997
32.0 242.45177955010496 2.9160768466343687 0.3138165196896595 271.34999999999997
33.0 242.47487688300555 2.9192691386670164 0.3140942974674373 271.34999999999997
34.0 242.4994102102075 2.9224546666743403 0.31437207524521504 271.34999999999997
35.0 242.52544145742922 2.9256332629136357 0.3146498530229928 271.34999999999997
36.0 242.5530343630024 2.9288047522174074 0.3149276308007706 271.34999999999997
37.0 242.582254476323 2.931968951791467 0.31520540857854834 271.34999999999997
38.0 242.61316915222466 2.935125671014166 0.3154831863563261 271.34999999999997
39.0 242.64584754104274 2.9382747112372734 0.31576096413410387 271.34999999999997
40.0 242.6803605741357 2.9414158655890144 0.31603874191188164 271.34999999999997
41.0 242.7167809446343 2.9445489187798404 0.3163165196896594 271.34999999999997
42.0 242.75518308319056 2.947673646911496 0.31659429746743717 271.34999999999997
43.0 242.7956431284996 2.9507898172899933 0.31687207524521493 271.34999999999997
44.0 242.838238892374 2.9538971882431193 0.3171498530229927 271.34999999999997
45.0 242.88304981915542 2.9569955089431232 0.31742763080077047 271.34999999999997
46.0 242.93015693925378 2.96008451923526 0.31770540857854823 271.34999999999997
47.0 242.97964281661444 2.9631639494728774 0.317983186356326 271.34999999999997
48.0 243.03159148992196 2.966233520359766 0.31826096413410376 271.34999999999997
49.0 243.0860884073608 2.969292942800493 0.31853874191188153 271.34999999999997
50.0 243.14322035476462 2.9723419177594796 0.3188165196896593 271.34999999999997
51.0 243.20307537700324 2.9753801361295733 0.31909429746743706 271.34999999999997
52.0 243.26574269246643 2.978407278610898 0.3193720752452148 271.34999999999997
53.0 243.3313126005276 2.981423015600769 0.3196498530229926 271.34999999999997
54.0 243.39987638188282 2.9844270070954653 0.31992763080077036 271.34999999999997
55.0 243.47152619168565 2.987418902604667 0.3202054085785481 271.34999999999997
56.0 243.54635494541853 2.990398341079361 0.3204831863563259 271.34999999999997
57.0 243.6244561974649 2.9933649508540285 0.32076096413410365 271.34999999999997
58.0 243.70592401237144 2.9963183496039143 0.3210387419118814 271.34999999999997
59.0 243.79085282881712 2.999258144318188 0.3213165196896592 271.34999999999997
60.0 243.87933731633333 3.002183931289787 0.32159429746743695 271.34999999999997
61.0 243.97147222484836 3.0050952961227306 0.3218720752452147 271.34999999999997
62.0 244.06735222716168 3.007991813757665 0.3221498530229925 271.34999999999997
63.0 244.16707175448335 3.0108730485164013 0.32242763080077025 271.34999999999997
64.0 244.270724825209 3.013738554166171 0.322705408578548 271.34999999999997
65.0 244.37840486713293 3.0165878740043017 0.3229831863563258 271.34999999999997
66.0 244.49020453333785 3.0194205409639907 0.32326096413410355 271.34999999999997
67.0 244.60621551203474 3.0222360777418182 0.3235387419118813 271.34999999999997
68.0 244.72652833066064 3.0250339969476006 0.3238165196896591 271.34999999999997
69.0 244.85123215458296 3.027813801277152 0.32409429746743684 271.34999999999997
70.0 244.9804145807855 3.030574983708468 0.3243720752452146 271.34999999999997
71.0 245.11416142696064 3.0333170277218047 0.3246498530229924 271.34999999999997
72.0 245.25255651645318 3.0360394075440644 0.32492763080077014 271.34999999999997
73.0 245.3956814595493 3.0387415884178544 0.3252054085785479 271.34999999999997
74.0 245.5436154316258 3.0414230268955116 0.32548318635632567 271.34999999999997
75.0 245.69643494871903 3.0440831711583356 0.32576096413410344 271.34999999999997
76.0 245.8542136410954 3.0467214613611966 0.3260387419118812 271.34999999999997
77.0 246.01702202543865 3.049337330002616 0.32631651968965897 271.34999999999997
78.0 246.18492727629828 3.0519302023203485 0.32659429746743673 271.34999999999997
79.0 246.35799299746415 3.054499496712419 0.3268720752452145 271.34999999999997
80.0 246.53627899396122 3.0570446251834804 0.32714985302299227 271.34999999999997
81.0 246.71984104537276 3.0595649938162945 0.32742763080077003 271.34999999999997
82.0 246.90873068122374 3.062060003268043 0.3277054085785478 271.34999999999997
83.0 247.10299495916297 3.0645290492910986 0.32798318635632556 271.34999999999997
84.0 247.30267624670168 3.066971523277803 0.32826096413410333 271.34999999999997
85.0 247.507812007266 3.069386812828715 0.3285387419118811 271.34999999999997
86.0 247.71843459132864 3.0717743023437043 0.32881651968965886 271.34999999999997
87.0 247.9345710333832 3.0741333736351817 0.3290942974674366 271.34999999999997
88.0 248.1562428555204 3.0764634065626857 0.3293720752452144 271.34999999999997
89.0 248.3834658783563 3.078763779687944 0.32964985302299216 271.34999999999997
90.0 248.6162500400523 3.0810338709494633 0.3299276308007699 271.34999999999997
91.0 248.8545992241454 3.08327305835562 0.3302054085785477 271.34999999999997
92.0 249.098511096893 3.085480720695141 0.33048318635632545 271.34999999999997
93.0 249.3479769548033 3.0876562382638038 0.3307609641341032 271.34999999999997
94.0 249.6029815830033 3.0897989936061068 0.331038741911881 271.34999999999997
95.0 249.86350312505311 3.091908372270598 0.33131651968965875 271.34999999999997
96.0 250.1295129647868 3.0939837635774925 0.3315942974674365 271.34999999999997
97.0 250.4009756207174 3.0960245613971513 0.3318720752452143 271.34999999999997
98.0 250.67784865349762 3.0980301649379403 0.33214985302299205 271.34999999999997
99.0 250.96008258688607 3.099999979541948 0.3324276308007698 271.34999999999997
100.0 251.24762084261644 3.1019334174869972 0.3327054085785476 271.34999999999997
101.0 251.54039968951693 3.1038298987933506 0.33298318635632534 271.34999999999997
102.0 251.83834820717118 3.105688852033487 0.3332609641341031 271.34999999999997
103.0 252.14138826436087 3.1075097151432964 0.3335387419118809 271.34999999999997
104.0 252.44943451246874 3.1092919362330336 0.33381651968965864 271.34999999999997
105.0 252.76239439396412 3.1110349743963575 0.3340942974674364 271.34999999999997
106.0 253.08016816603612 3.112738300515779 0.3343720752452142 271.34999999999997
107.0 253.40264893937868 3.1144013980628515 0.33464985302299194 271.34999999999997
108.0 253.72972273207455 3.1160237638914374 0.3349276308007697 271.34999999999997
109.0 254.06126853846428 3.117604909022416 0.33520540857854747 271.34999999999997
110.0 254.39715841283342 3.1191443594182067 0.33548318635632524 271.34999999999997
111.0 254.73725756769164 3.12064165674552 0.335760964134103 271.34999999999997
112.0 255.08142448636332 3.1220963591247832 0.33603874191188077 271.34999999999997
113.0 255.42951104955912 3.12350804186472 0.33631651968965853 271.34999999999997
114.0 255.78136267554763 3.1248762981806273 0.3365942974674363 271.34999999999997
115.0 256.13681847349403 3.1262007398949208 0.33687207524521406 271.34999999999997
116.0 256.49571140949644 3.1274809981185974 0.33714985302299183 271.34999999999997
117.0 256.85786848480274 3.128716723912308 0.3374276308007696 271.34999999999997
118.0 257.2231109256543 3.1299075889258106 0.33770540857854736 271.34999999999997
119.0 257.59125438416953 3.1310532860146263 0.3379831863563251 271.34999999999997
120.0 257.96210914964973 3.1321535298328103 0.3382609641341029 271.34999999999997
121.0 258.33317115149674 3.133208057400804 0.33992763080076954 271.34999999999997
122.0 258.7067129481422 3.1342141145091595 0.3415942974674362 271.34999999999997
123.0 259.08252823358015 3.135171640955607 0.34326096413410284 271.34999999999997
124.0 259.4604061248363 3.136080600449314 0.3449276308007695 271.34999999999997
125.0 259.8401314197648 3.136940980929144 0.34659429746743614 271.34999999999997
126.0 260.22148486142476 3.1377527948505555 0.3482609641341028 271.34999999999997
127.0 260.6042434082766 3.1385160794408478 0.34992763080076944 271.34999999999997
128.0 260.98818050944055 3.139230896922556 0.3515942974674361 271.34999999999997
129.0 261.37306638425815 3.1398973347048558 0.35326096413410274 271.34999999999997
130.0 261.7586683054064 3.140515505542939 0.3549276308007694 271.34999999999997
131.0 262.1447508848274 3.1410855476653907 0.35659429746743604 271.34999999999997
132.0 262.5310763617398 3.1416076248696743 0.3582609641341027 271.34999999999997
133.0 262.9174048920238 3.1420819265859 0.35992763080076934 271.34999999999997
134.0 263.30349483828275 3.142508667909129 0.361594297467436 271.34999999999997
135.0 263.6891030599105 3.142888089600524 0.36326096413410264 271.34999999999997
136.0 264.07398520251473 3.1432204580577228 0.3649276308007693 271.34999999999997
137.0 264.4578959860698 3.143506065254871 0.36659429746743594 271.34999999999997
138.0 264.84058949120225 3.143745228652806 0.3682609641341026 271.34999999999997
139.0 265.22181944304356 3.143938291079924 0.36992763080076924 271.34999999999997
140.0 265.60133949210456 3.144085620584335 0.3715942974674359 271.34999999999997
141.0 265.9789034916686 3.1441876102579225 0.37326096413410254 271.34999999999997
142.0 266.3542657712244 3.1442446780329916 0.3749276308007692 271.34999999999997
143.0 266.7271814054928 3.1442572664522066 0.37659429746743583 271.34999999999997
144.0 267.0974064786387 3.1442258424125638 0.3782609641341025 271.34999999999997
145.0 267.46469834328457 3.144150896884162 0.37992763080076913 271.34999999999997
146.0 267.8288158739807 3.144032944604568 0.3815942974674358 271.34999999999997
147.0 268.18951971481755 3.1438725237495926 0.38326096413410243 271.34999999999997
148.0 268.54657252089527 3.1436701955813016 0.3849276308007691 271.34999999999997
149.0 268.89973919340304 3.143426544074113 0.38659429746743573 271.34999999999997
150.0 269.2487871080812 3.1431421755198383 0.3882609641341024 271.34999999999997
151.0 269.5934863368804 3.1428177181125245 0.38992763080076903 271.34999999999997
152.0 269.93384593877374 3.142453821513975 0.38992763080076903 271.34999999999997
153.0 270.2692922569041 3.142051449626062 0.38992763080076903 271.34999999999997
154.0 270.59960900347346 3.1416111541292535 0.38992763080076903 271.34999999999997
155.0 270.92458342597104 3.141133510529075 0.38992763080076903 271.34999999999997
156.0 271.244006488448 3.140619117799072 0.38992763080076903 271.34999999999997
157.0 271.55767304564927 3.1400685980048104 0.38992763080076903 271.34999999999997
158.0 271.8653820099949 3.1394825959095853 0.38992763080076903 271.34999999999997
159.0 272.16693651141685 3.138861778562498 0.38992763080076903 271.34999999999997
160.0 272.4621440500722 3.1382068348695698 0.38992763080076903 271.34999999999997
161.0 272.75081664197864 3.137518475148543 0.38992763080076903 271.34999999999997
162.0 273.0326807296367 3.1367974306680204 0.3893768028599317 271.34999999999997
163.0 273.15 3.1360443371968807 0.3876664126631448 271.34999999999997
164.0 273.15 3.13527750945155 0.38487198204936124 271.34999999999997
165.0 273.15 3.134509964324732 0.3810551897693549 271.34999999999997
166.0 273.15 3.133741441052975 0.37624167887651855 271.34999999999997
167.0 273.15 3.132971677938859 0.3704579303979905 271.34999999999997
168.0 273.15 3.1322004107581916 0.3637312382352625 271.34999999999997
169.0 273.15 3.131427371174125 0.3560896829625538 271.34999999999997
170.0 273.15 3.1306522851352603 0.34756210448959773 271.34999999999997
171.0 273.15 3.1298748712350752 0.3381780735581953 271.34999999999997
172.0 273.15 3.129094839009676 0.3279678620428541 271.34999999999997
173.0 273.15 3.1283118871499327 0.3169624120250477 271.34999999999997
174.0 273.15 3.127525701602493 0.3051933036080436 271.34999999999997
175.0 273.15 3.1267359535319574 0.29269272143471364 271.34999999999997
176.0 273.15 3.1259422971135087 0.2794934198640487 271.34999999999997
177.0 273.15 3.1251443671214667 0.26562868675293577 271.34999999999997
178.0 273.15 3.1243417762744046 0.251132305777715 271.34999999999997
179.0 273.15 3.1235341122914266 0.23603851721455787 271.34999999999997
180.0 273.15 3.122720934606724 0.22038197707809137 271.34999999999997
181.0 273.15 3.1219017706802323 0.2041977144929995 271.34999999999997
182.0 273.15 3.1210761118307193 0.1875210871423585 271.34999999999997
183.0 273.15 3.1202434085033315 0.17038773459762704 271.34999999999997
184.0 273.15 3.1194030648657884 0.15283352928645655 271.34999999999997
185.0 273.15 3.118554432605078 0.1348945247930817 271.34999999999997
186.0 273.15 3.1176968037683412 0.11660690110839228 271.34999999999997
187.0 273.15 3.1168294024559184 0.09800690634802663 271.34999999999997
188.0 273.15 3.115951375128914 0.07841651334411143 271.34999999999997
189.0 273.15 3.1150613277570467 0.05164266797656879 271.34999999999997
190.0 273.15 3.114153321072035 0.015333759296862204 271.34999999999997
191.0 273.15 3.101126400294378 0.0 271.34999999999997
192.0 273.15 3.0807467690472956 0.0 271.34999999999997
193.0 273.15 3.060490030404105 0.0 271.34999999999997
194.0 273.15 3.0403737481112274 0.0 271.34999999999997
195.0 273.15 3.0204153069968616 0.0 271.34999999999997
196.0 273.15 3.0006318981073434 0.0 271.34999999999997
197.0 273.15 2.981040504237577 0.0 271.34999999999997
198.0 273.15 2.961657885872673 0.0 271.34999999999997
199.0 273.15 2.9425005675567864 0.0 271.34999999999997
200.0 273.15 2.9235848247039784 0.0 271.34999999999997
201.0 273.15 2.9049266708647647 0.0 271.34999999999997
202.0 273.15 2.8865418454608234 0.0 271.34999999999997
203.0 273.15 2.8684458019991617 0.0 271.34999999999997
204.0 273.15 2.85065369677586 0.0 271.34999999999997
205.0 273.15 2.8331803780783336 0.0 271.34999999999997
206.0 273.15 2.8160403758938934 0.0 271.34999999999997
207.0 273.15 2.79924789213123 0.0 271.34999999999997
208.0 273.15 2.7828167913603155 0.0 271.34999999999997
209.0 273.15 2.7667605920751024 0.0 271.34999999999997
210.0 273.15 2.7510924584823107 0.0 271.34999999999997
211.0 273.15 2.735825192818528 0.0 271.34999999999997
212.0 273.15 2.7209712281968237 0.0 271.34999999999997
213.0 273.15 2.7065426219830737 0.0 271.34999999999997
214.0 273.15 2.6925510497012355 0.0 271.34999999999997
215.0 273.15 2.679007799465881 0.0 271.34999999999997
216.0 273.15 2.665923766939425 0.0 271.34999999999997
217.0 273.15 2.653309450810633 0.0 271.34999999999997
218.0 273.15 2.6411749487901997 0.0 271.34999999999997
219.0 273.15 2.629529954118441 0.0 271.34999999999997
220.0 273.15 2.618383752579425 0.0 271.34999999999997
221.0 273.15 2.607745220015217 0.0 271.34999999999997
222.0 273.15 2.5976228203332874 0.0 271.34999999999997
223.0 273.15 2.5880246039995725 0.0 271.34999999999997
224.0 273.15 2.578958207009146 0.0 271.34999999999997
225.0 273.15 2.5704308503259794 0.0 271.34999999999997
226.0 273.15 2.5624493397828365 0.0 271.34999999999997
227.0 273.15 2.5550200664319465 0.0 271.34999999999997
228.0 273.15 2.5481490073367454 0.0 271.34999999999997
229.0 273.15 2.5418417267946585 0.0 271.34999999999997
230.0 273.15 2.536103377980607 0.0 271.34999999999997
231.0 273.15 2.530938705000676 0.0 271.34999999999997
232.0 273.15 2.5263520453451576 0.004166666666666667 271.34999999999997
233.0 273.15 2.5240787723438065 0.004166666666666667 271.34999999999997
234.0 273.15 2.5223851806577526 0.004166666666666667 271.34999999999997
235.0 273.15 2.5212745011995827 0.004166666666666667 271.34999999999997
236.0 273.15 2.520240434633234 0.005581455336482544 271.34999999999997
237.0 272.75988281574377 2.519208027155838 0.00882051985891908 271.34999999999997
238.0 272.2830076779364 2.5182805913581032 0.012987186525585746 271.34999999999997
239.0 271.78044969550336 2.517479237148008 0.017153853192252412 271.34999999999997
240.0 271.28062490877227 2.5168077362834755 0.021320519858919078 271.34999999999997
241.0 270.7836640674206 2.5162626029403166 0.025487186525585744 271.34999999999997
242.0 270.28969167205906 2.515840412874556 0.02965385319225241 271.34999999999997
243.0 269.7988261448002 2.5155378039216383 0.033820519858919075 271.34999999999997
244.0 269.3111800084434 2.515351476343915 0.03798718652558574 271.34999999999997
245.0 268.82686007301663 2.5152781930361683 0.042153853192252407 271.34999999999997
246.0 268.345967628429 2.5153147795986395 0.04632051985891907 271.34999999999997
247.0 267.86859864199124 2.51545812428678 0.05048718652558574 271.34999999999997
248.0 267.3948439595927 2.51570517784665 0.054653853192252404 271.34999999999997
249.0 266.9247895093395 2.516052953244607 0.05882051985891907 271.34999999999997
250.0 266.45851650649837 2.516498525299643 0.06298718652558574 271.34999999999997
251.0 265.9961016586252 2.5170390302264254 0.06715385319225241 271.34999999999997
252.0 265.53761736980135 2.5176716650968163 0.07132051985891907 271.34999999999997
253.0 265.0831319429541 2.5183936872273303 0.07548718652558574 271.34999999999997
254.0 264.63270977928096 2.5192024134997117 0.0796538531922524 271.34999999999997
255.0 264.18641157387003 2.5200952196215023 0.08382051985891907 271.34999999999997
256.0 263.74429450665 2.5210695393331752 0.08798718652558574 271.34999999999997
257.0 263.3064124278886 2.5221228635681183 0.0921538531922524 271.34999999999997
258.0 262.8728160375039 2.5232527395714506 0.09632051985891907 271.34999999999997
259.0 262.4435530575392 2.5244567699833653 0.10048718652558573 271.34999999999997
260.0 262.02608465647774 2.5257326118924 0.1046538531922524 271.34999999999997
261.0 261.66652824926496 2.527076459544065 0.10882051985891907 271.34999999999997
262.0 261.3070363924954 2.5284752709915064 0.11298718652558573 271.34999999999997
263.0 260.9478052529276 2.529927979600776 0.1171538531922524 271.34999999999997
264.0 260.5890286093296 2.531433507232081 0.12132051985891906 271.34999999999997
265.0 260.23089765748983 2.532990765307753 0.12548718652558574 271.34999999999997
266.0 259.8736008183312 2.5345986558683173 0.12965385319225242 271.34999999999997
267.0 259.5173235495043 2.5362560726162617 0.1338205198589191 271.34999999999997
268.0 259.16224816084514 2.5379619019470803 0.13798718652558578 271.34999999999997
269.0 258.80855363408074 2.539715023967139 0.14215385319225246 271.34999999999997
270.0 258.4564154471689 2.5415143134978964 0.14632051985891914 271.34999999999997
271.0 258.1060054036557 2.543358641065981 0.15048718652558582 271.34999999999997
272.0 257.75749146742925 2.5452468738786247 0.1546538531922525 271.34999999999997
273.0 257.41103760325075 2.5471778767839113 0.15882051985891918 271.34999999999997
274.0 257.06680362342695 2.5491505132153134 0.16298718652558586 271.34999999999997
275.0 256.7249450409866 2.5511636461199503 0.16715385319225254 271.34999999999997
276.0 256.38561292971104 2.55321613887001 0.17132051985891922 271.34999999999997
277.0 256.0489537913558 2.55530685615676 0.1754871865255859 271.34999999999997
278.0 255.71510943038487 2.5574346648665696 0.17965385319225258 271.34999999999997
279.0 255.38421683652766 2.5595984349383625 0.18382051985891926 271.34999999999997
280.0 255.0564080754453 2.5617970402019212 0.18798718652558594 271.34999999999997
281.0 254.73181018777575 2.5640293591964634 0.19215385319225262 271.34999999999997
282.0 254.41054509680694 2.566294275968919 0.1963205198589193 271.34999999999997
283.0 254.09272952500314 2.5685906808513455 0.20048718652558598 271.34999999999997
284.0 253.7784749195839 2.570917471216927 0.20465385319225265 271.34999999999997
285.0 253.46788738733406 2.5732735522140198 0.20882051985891933 271.34999999999997
286.0 253.16106763879029 2.575657837477723 0.21298718652558601 271.34999999999997
287.0 252.85811094192783 2.5780692498184727 0.2171538531922527 271.34999999999997
288.0 252.5591070854378 2.5805067218871796 0.22132051985891937 271.34999999999997
289.0 252.26414035165746 2.5829691968164554 0.22548718652558605 271.34999999999997
290.0 251.97328949918787 2.5854556288375057 0.22965385319225273 271.34999999999997
291.0 251.68662775519869 2.5879649838722854 0.2338205198589194 271.34999999999997
292.0 251.4042228173917 2.5904962401005607 0.2379871865255861 271.34999999999997
293.0 251.1261368655646 2.5930483885015443 0.24215385319225277 271.34999999999997
294.0 250.85242658268245 2.595620433369811 0.24632051985891945 271.34999999999997
295.0 250.5831431853377 2.598211392805243 0.2504871865255861 271.34999999999997
296.0 250.3183324634457 2.6008202991767884 0.25465385319225275 271.34999999999997
297.0 250.0580348289979 2.603446199559865 0.2588205198589194 271.34999999999997
298.0 249.80228537366006 2.6060881561472775 0.26298718652558606 271.34999999999997
299.0 249.551113934983 2.608745246633567 0.2671538531922527 271.34999999999997
300.0 249.30454517095862 2.6114165645727527 0.27132051985891936 271.34999999999997
301.0 249.06259864263725 2.614101219709474 0.275487186525586 271.34999999999997
302.0 248.82528890448972 2.6167983382835853 0.27965385319225267 271.34999999999997
303.0 248.59262560218355 2.619507063308306 0.2838205198589193 271.34999999999997
304.0 248.36461357741626 2.622226554822072 0.28798718652558597 271.34999999999997
305.0 248.15885638602663 2.6249559901142754 0.28826496430336374 271.34999999999997
306.0 247.957871332607 2.6277115509644253 0.2885427420811415 271.34999999999997
307.0 247.76163475190558 2.6304924840687787 0.28882051985891927 271.34999999999997
308.0 247.57011898371243 2.633298041902313 0.28909829763669703 271.34999999999997
309.0 247.3832925221817 2.636127483301366 0.2893760754144748 271.34999999999997
310.0 247.20112016853068 2.638980074019947 0.28965385319225256 271.34999999999997
311.0 247.02356318665025 2.6418550872593896 0.28993163097003033 271.34999999999997
312.0 246.85057946116984 2.6447518041710967 0.2902094087478081 271.34999999999997
313.0 246.68212365751836 2.6476695143322053 0.29048718652558586 271.34999999999997
314.0 246.518147383529 2.650607516194066 0.2907649643033636 271.34999999999997
315.0 246.3585993521433 2.6535651175035118 0.2910427420811414 271.34999999999997
316.0 246.20342554477696 2.6565416356969527 0.29132051985891916 271.34999999999997
317.0 246.0525693749212 2.6595363982674094 0.2915982976366969 271.34999999999997
318.0 245.9059718515633 2.6625487431046553 0.2918760754144747 271.34999999999997
319.0 245.763571742025 2.665578018808703 0.29215385319225246 271.34999999999997
320.0 245.62530573383006 2.6686235849769346 0.2924316309700302 271.34999999999997
321.0 245.49110859522935 2.6716848124652217 0.292709408747808 271.34999999999997
322.0 245.36091333402481 2.6747610836234452 0.29298718652558575 271.34999999999997
323.0 245.23465135435646 2.6778517925058685 0.2932649643033635 271.34999999999997
324.0 245.1122526111286 2.680956345056869 0.2935427420811413 271.34999999999997
325.0 244.9936457617758 2.6840741592725705 0.29382051985891905 271.34999999999997
326.0 244.87875831508387 2.6872046653389665 0.2940982976366968 271.34999999999997
327.0 244.76751677680346 2.690347305747155 0.2943760754144746 271.34999999999997
328.0 244.65984679181346 2.693501535386346 0.29465385319225235 271.34999999999997
329.0 244.55567328261205 2.696666821615317 0.2949316309700301 271.34999999999997
330.0 244.4549205839304 2.699842644313048 0.2952094087478079 271.34999999999997
331.0 244.3575125732894 2.7030284959092503 0.29548718652558564 271.34999999999997
332.0 244.2633727973363 2.706223881395561 0.2957649643033634 271.34999999999997
333.0 244.17242459381694 2.7094283183181687 0.2960427420811412 271.34999999999997
334.0 244.08459120906414 2.712641336752657 0.29632051985891894 271.34999999999997
335.0 243.99979591089615 2.7158624792618613 0.2965982976366967 271.34999999999997
336.0 243.9179620968405 2.7190913008375426 0.29687607541447447 271.34999999999997
337.0 243.83901339761766 2.722327368826688 0.29715385319225224 271.34999999999997
338.0 243.76287377583324 2.725570262843242 0.29743163097003 271.34999999999997
339.0 243.68946761984824 2.7288195746660886 0.29770940874780777 271.34999999999997
340.0 243.61871983281037 2.7320749081240745 0.29798718652558553 271.34999999999997
341.0 243.550555916846 2.7353358789688884 0.2982649643033633 271.34999999999997
342.0 243.48490205242584 2.738602114736579 0.29854274208114107 271.34999999999997
343.0 243.42168517293482 2.7418732545985 0.29882051985891883 271.34999999999997
344.0 243.36083303448385 2.7451489492024512 0.2990982976366966 271.34999999999997
345.0 243.3022742810203 2.748428860504772 0.29937607541447436 271.34999999999997
346.0 243.24593850479891 2.751712661594134 0.29965385319225213 271.34999999999997
347.0 243.191756302292 2.755000036507756 0.2999316309700299 271.34999999999997
348.0 243.13965932562024 2.7582906800407496 0.30020940874780766 271.34999999999997
349.0 243.08958032960166 2.761584297549291 0.3004871865255854 271.34999999999997
350.0 243.0414532145197 2.764880604748277 0.3007649643033632 271.34999999999997
351.0 242.99521306471942 2.768179327504129 0.30104274208114096 271.34999999999997
352.0 242.9507961831485 2.7714802016233593 0.3013205198589187 271.34999999999997
353.0 242.90814012196557 2.774782972637511 0.3015982976366965 271.34999999999997
354.0 242.8671837093411 2.778087395585054 0.30187607541447425 271.34999999999997
355.0 242.82786707258353 2.7813932347907895 0.302153853192252 271.34999999999997
356.0 242.79013165772398 2.784700263643309 0.3024316309700298 271.34999999999997
357.0 242.75392024569769 2.788008264371005 0.30270940874780755 271.34999999999997
358.0 242.71917696526194 2.7913170278171324 0.3029871865255853 271.34999999999997
359.0 242.68584730279144 2.794626353214377 0.3032649643033631 271.34999999999997
360.0 242.65387810909385 2.7979360479593716 0.30354274208114085 271.34999999999997
361.0 242.62321760338872 2.801245927387577 0.3038205198589186 271.34999999999997
362.0 242.59381537459123 2.804555814548917 0.3040982976366964 271.34999999999997
363.0 242.56562238004523 2.8078655399845336 0.30437607541447415 271.34999999999997
364.0 242.53859094184625 2.8111749415050147 0.3046538531922519 271.34999999999997
