17886.0 242.4696391800363 2.7968055240900425 0.30219287004192324 271.35
17887.0 242.46981071273592 2.800401859770232 0.3024691131358459 271.35
17888.0 242.47030907380892 2.8039934992694433 0.30274535622976856 271.35
17889.0 242.47115311487192 2.807580410102158 0.3030215993236912 271.35
17890.0 242.4723626448523 2.81116255720015 0.30329784241761387 271.35
17891.0 242.47395846592215 2.8147399027886246 0.30357408551153653 271.35
17892.0 242.47596240991822 2.81831240625797 0.3038503286054592 271.35
17893.0 242.47839737518976 2.8218800240310746 0.30412657169938184 271.35
17894.0 242.48128736380718 2.82544270942618 0.3044028147933045 271.35
17895.0 242.48465751906147 2.8290004125152515 0.30467905788722716 271.35
17896.0 242.48853416317687 2.8325530799778504 0.3049553009811498 271.35
17897.0 242.49294483514936 2.8361006549505086 0.30523154407507247 271.35
17898.0 242.4979183286267 2.839643076871616 0.3055077871689951 271.35
17899.0 242.50348472972587 2.8431802813218465 0.3057840302629178 271.35
17900.0 242.50967545468887 2.846712199860154 0.30606027335684044 271.35
17901.0 242.51652328726198 2.850238759855394 0.3063365164507631 271.35
17902.0 242.52406241568315 2.853759884313635 0.30661275954468575 271.35
17903.0 242.53232846914918 2.8572754917012384 0.3068890026386084 271.35
17904.0 242.5413585536313 2.8607854957638112 0.30716524573253107 271.35
17905.0 242.55119128689927 2.8642898053411394 0.3074414888264537 271.35
17906.0 242.56186683260503 2.8677883241782434 0.3077177319203764 271.35
17907.0 242.57342693327107 2.871280950732704 0.30799397501429904 271.35
17908.0 242.58591494202363 2.8747675779784343 0.3082702181082217 271.35
17909.0 242.59937585289782 2.87824809320609 0.30854646120214435 271.35
17910.0 242.61385632954054 2.881722377820337 0.308822704296067 271.35
17911.0 242.62940473212683 2.88519030713421 0.30909894738998966 271.35
17912.0 242.64607114230085 2.888651750160828 0.3093751904839123 271.35
17913.0 242.66390738594205 2.8921065694027464 0.309651433577835 271.35
17914.0 242.68296705355834 2.8955546206392633 0.30992767667175763 271.35
17915.0 242.7033055180927 2.898995752712005 0.3102039197656803 271.35
17916.0 242.7249799499347 2.902429807309159 0.31048016285960295 271.35
17917.0 242.74804932891348 2.905856618748735 0.3107564059535256 271.35
17918.0 242.77257445305352 2.9092760137612728 0.31103264904744826 271.35
17919.0 242.79861794386346 2.912687811272431 0.3113088921413709 271.35
17920.0 242.82624424792928 2.916091822185926 0.3115851352352936 271.35
17921.0 242.85551963458101 2.9194878491673184 0.31186137832921623 271.35
17922.0 242.88651218939717 2.9228756864291596 0.3121376214231389 271.35
17923.0 242.91929180331354 2.92625511951806 0.31241386451706155 271.35
17924.0 242.95393015710266 2.9296259251042436 0.3126901076109842 271.35
17925.0 242.99050070099074 2.9329878707741948 0.31296635070490686 271.35
17926.0 243.02907862918082 2.936340714827032 0.3132425937988295 271.35
17927.0 243.06974084905542 2.939684206075256 0.3135188368927522 271.35
17928.0 243.11256594483663 2.943018083650557 0.31379507998667483 271.35
17929.0 243.1576341354855 2.9463420768153834 0.3140713230805975 271.35
17930.0 243.20502722663235 2.949655904781002 0.31434756617452014 271.35
17931.0 243.2548285563366 2.952959276532799 0.3146238092684428 271.35
17932.0 243.30712293448448 2.9562518906635913 0.31490005236236546 271.35
17933.0 243.36199657564592 2.9595334352157403 0.3151762954562881 271.35
17934.0 243.41953702522355 2.9628035875328753 0.31545253855021077 271.35
17935.0 243.47983307874165 2.966062014122051 0.3157287816441334 271.35
17936.0 243.54297469413928 2.969308370527175 0.3160050247380561 271.35
17937.0 243.60905289694975 2.9725423012145544 0.31628126783197874 271.35
17938.0 243.67815967826667 2.9757634394714216 0.3165575109259014 271.35
17939.0 243.75038788541977 2.978971407318301 0.31683375401982405 271.35
17940.0 243.82583110530453 2.982165815436085 0.3171099971137467 271.35
17941.0 243.90458354033476 2.985346263108691 0.31738624020766937 271.35
17942.0 243.98673987701306 2.9885123381821606 0.317662483301592 271.35
17943.0 244.07239514714104 2.9916636170410644 0.3179387263955147 271.35
17944.0 244.16164458171946 2.994799664603065 0.31821496948943734 271.35
17945.0 244.25458345761976 2.9979200343324726 0.31849121258336 271.35
17946.0 244.35130693713884 3.0010242682736172 0.31876745567728265 271.35
17947.0 244.45190990058148 3.004111897104839 0.3190436987712053 271.35
17948.0 244.55648677204903 3.007182440213871 0.31931994186512797 271.35
17949.0 244.66513133864706 3.0102354057953655 0.3195961849590506 271.35
17950.0 244.7779365633603 3.0132702909712767 0.3198724280529733 271.35
17951.0 244.89499439187847 3.016286581934777 0.32014867114689594 271.35
17952.0 245.0163955536932 3.0192837541183484 0.3204249142408186 271.35
17953.0 245.14222935782365 3.0222612723866384 0.32070115733474125 271.35
17954.0 245.27258348356287 3.0252185912546192 0.3209774004286639 271.35
17955.0 245.40754376667587 3.0281551551315444 0.32125364352258656 271.35
17956.0 245.54719398151326 3.0310703985911283 0.3215298866165092 271.35
17957.0 245.69161561954274 3.033963746668321 0.3218061297104319 271.35
17958.0 245.84088766483083 3.036834615182978 0.32208237280435453 271.35
17959.0 245.99508636704425 3.0396824110906606 0.3223586158982772 271.35
17960.0 246.15428501256952 3.0425065328607244 0.32263485899219985 271.35
17961.0 246.31855369437804 3.045306370881785 0.3229111020861225 271.35
17962.0 246.48795908129424 3.048081307894559 0.32318734518004516 271.35
17963.0 246.6625641873478 3.0508307194520126 0.3234635882739678 271.35
17964.0 246.8424281419144 3.053553974406646 0.3237398313678905 271.35
17965.0 247.027605961368 3.0562504354246762 0.32401607446181313 271.35
17966.0 247.21814832298742 3.0589194595267757 0.3242923175557358 271.35
17967.0 247.4141013418712 3.061560398654946 0.32456856064965844 271.35
17968.0 247.61550635162538 3.064172600265009 0.3248448037435811 271.35
17969.0 247.8223996895952 3.066755407944111 0.32512104683750376 271.35
17970.0 248.03481248741747 3.0693081620525446 0.3253972899314264 271.35
17971.0 248.2527704676618 3.0718302003891003 0.32567353302534907 271.35
17972.0 248.47629374733353 3.074320858879073 0.32594977611927173 271.35
17973.0 248.7053966489912 3.0767794722839623 0.3262260192131944 271.35
17974.0 248.9400875202282 3.0792053749318153 0.32650226230711704 271.35
17975.0 249.18036856223975 3.08159790146708 0.3267785054010397 271.35
17976.0 249.4262356681848 3.083956387618762 0.32705474849496236 271.35
17977.0 249.67767827201683 3.0862801709855896 0.327330991588885 271.35
17978.0 249.93467920843483 3.088568591836828 0.32760723468280767 271.35
17979.0 250.19721458456652 3.090820993927314 0.3278834777767303 271.35
17980.0 250.46525366396057 3.0930367253252156 0.328159720870653 271.35
17981.0 250.73875876342356 3.0952151392509597 0.32843596396457564 271.35
17982.0 251.0176851631894 3.0973555949257294 0.3287122070584983 271.35
17983.0 251.30198103086667 3.099457458427872 0.32898845015242095 271.35
17984.0 251.5915873595529 3.1015201035555204 0.3292646932463436 271.35
17985.0 251.88643792045625 3.103542912693709 0.32954093634026627 271.35
17986.0 252.18645923030903 3.105525277684213 0.3298171794341889 271.35
17987.0 252.49157053379835 3.1074666006963416 0.3300934225281116 271.35
17988.0 252.8016838011854 3.1093662950968888 0.33036966562203424 271.35
17989.0 253.11670374122062 3.1112237863174395 0.3306459087159569 271.35
17990.0 253.4365278294079 3.1130385127172304 0.33092215180987955 271.35
17991.0 253.76104635160726 3.1148099264397735 0.3311983949038022 271.35
17992.0 254.09014246290525 3.1165374942614554 0.33147463799772486 271.35
17993.0 254.42369226162893 3.1182206984303606 0.3317508810916475 271.35
17994.0 254.76156487831435 3.1198590374935744 0.3320271241855702 271.35
17995.0 255.10362257938803 3.1214520271112765 0.33230336727949283 271.35
17996.0 255.44972088526532 3.122999200855958 0.3325796103734155 271.35
17997.0 255.79970870251475 3.124500110995151 0.33285585346733815 271.35
17998.0 256.15342846968883 3.125954329256108 0.3331320965612608 271.35
17999.0 256.5107163163739 3.1273614475709235 0.33340833965518346 271.35
18000.0 256.8714022349663 3.1287210788006607 0.3336845827491061 271.35
18001.0 257.23531026464315 3.1300328574370964 0.3339608258430288 271.35
18002.0 257.6022586869546 3.1312964402807837 0.33423706893695143 271.35
18003.0 257.9720602324329 3.132511507094198 0.3345133120308741 271.35
18004.0 258.3445222975835 3.133677761228809 0.33478955512479674 271.35
18005.0 258.7194471715934 3.1347949302250058 0.3350657982187194 271.35
18006.0 259.09663227207204 3.1358627663838763 0.33534204131264206 271.35
18007.0 259.473737853041 3.136881047309937 0.3369549445384485 271.35
18008.0 259.85284889181827 3.1378472237605086 0.3385678477642549 271.35
18009.0 260.2337475203079 3.138761286501379 0.34018075099006134 271.35
18010.0 260.6162118723574 3.1396232528140287 0.34179365421586777 271.35
18011.0 261.0000163589848 3.1404331667648426 0.3434065574416742 271.35
18012.0 261.384931948517 3.141191099439908 0.3450194606674806 271.35
18013.0 261.77072645087105 3.141897149145265 0.34663236389328705 271.35
18014.0 262.1571648052173 3.1425514415725875 0.3482452671190935 271.35
18015.0 262.5440093702724 3.143154129930332 0.3498581703448999 271.35
18016.0 262.93102021648747 3.143705395040497 0.35147107357070634 271.35
18017.0 263.3179554194059 3.144205445401189 0.35308397679651277 271.35
18018.0 263.7045713534965 3.1446545172152827 0.3546968800223192 271.35
18019.0 264.0906229857777 3.145052874385521 0.3563097832481256 271.35
18020.0 264.4758641685799 3.1454008084764826 0.35792268647393205 271.35
18021.0 264.86004793081514 3.145698638643886 0.3595355896997385 271.35
18022.0 265.2429267671582 3.14594671153178 0.3611484929255449 271.35
18023.0 265.6242529245599 3.146145401138207 0.36276139615135133 271.35
18024.0 266.0037786855595 3.146295108649988 0.36437429937715776 271.35
18025.0 266.3812566478805 3.14639626224732 0.3659872026029642 271.35
18026.0 266.75643999983697 3.1464493168789156 0.3676001058287706 271.35
18027.0 267.1290827911037 3.1464547540084564 0.36921300905457705 271.35
18028.0 267.4989401984403 3.1464130813331677 0.3708259122803835 271.35
18029.0 267.86576878599084 3.1463248324753423 0.3724388155061899 271.35
18030.0 268.22932675981497 3.1461905666476775 0.37405171873199633 271.35
18031.0 268.58937421633635 3.146010868293306 0.37566462195780276 271.35
18032.0 268.94567338443346 3.145786346701418 0.3772775251836092 271.35
18033.0 269.2979888609179 3.14551763559939 0.3788904284094156 271.35
18034.0 269.6460878391912 3.1452053927223456 0.38050333163522204 271.35
18035.0 269.9897403308877 3.1448502993610794 0.38211623486102847 271.35
18036.0 270.3287193803489 3.1444530598892846 0.3837291380868349 271.35
18037.0 270.6628012717978 3.144014401271018 0.3853420413126413 271.35
18038.0 270.99182689866905 3.1435350725493483 0.3853420413126413 271.35
18039.0 271.3154078661249 3.143015921191488 0.3853420413126413 271.35
18040.0 271.63333581222855 3.1424575998748687 0.3853420413126413 271.35
18041.0 271.9454063855994 3.141860785884851 0.3853420413126413 271.35
18042.0 272.2514194109547 3.141226180682756 0.3853420413126413 271.35
18043.0 272.5511790473533 3.1405545094552463 0.3853420413126413 271.35
18044.0 272.84449393916736 3.1398465206457646 0.3853420413126413 271.35
18045.0 273.1311773598335 3.13910298546874 0.3853420413126413 271.35
18046.0 273.15 3.138324697407256 0.3853420413126413 271.35
18047.0 273.15 3.137544100199238 0.3843192233256463 271.35
18048.0 273.15 3.1367632040508626 0.38222508249849196 271.35
18049.0 273.15 3.1359817238820233 0.37908569872534964 271.35
18050.0 273.15 3.1351993770029183 0.3749280249868135 271.35
18051.0 273.15 3.1344158813037266 0.36977987317421357 271.35
18052.0 273.15 3.1336309535100804 0.3636698985541749 271.35
18053.0 273.15 3.1328443074773196 0.3566275829765667 271.35
18054.0 273.15 3.13205565249858 0.34868321692534504 271.35
18055.0 273.15 3.1312646916031164 0.3398678805100773 271.35
18056.0 273.15 3.1304711198219897 0.3302134234958894 271.35
18057.0 273.15 3.129674622398388 0.3197524444710344 271.35
18058.0 273.15 3.1288748729194813 0.3085182692541433 271.35
18059.0 273.15 3.1280715313458 0.29654492864743637 271.35
18060.0 273.15 3.1272642419127035 0.28386713564776106 271.35
18061.0 273.15 3.1264526308765337 0.270520262234325 271.35
18062.0 273.15 3.125636304075498 0.25654031586052134 271.35
18063.0 273.15 3.1248148442721395 0.24196391578743826 271.35
18064.0 273.15 3.123987808240348 0.22682826940870912 271.35
18065.0 273.15 3.123154723555185 0.2111711487305396 271.35
18066.0 273.15 3.122315085038179 0.19503086718735588 271.35
18067.0 273.15 3.121468350804104 0.17844625699291874 271.35
18068.0 273.15 3.1206139378474127 0.16145664724938188 271.35
18069.0 273.15 3.11975121709725 0.1441018430631452 271.35
18070.0 273.15 3.1188795078591642 0.1264221059470441 271.35
18071.0 273.15 3.1179980715489717 0.10845813582407464 271.35
18072.0 273.15 3.1171061046095097 0.09025105498917757 271.35
18073.0 273.15 3.1162027304839444 0.06778974807508327 271.35
18074.0 273.15 3.115284166382601 0.035975327294217686 271.35
18075.0 273.15 3.111196548896365 0.0 271.35
18076.0 273.15 3.0890114821447687 0.0 271.35
18077.0 273.15 3.066964928637499 0.0 271.35
18078.0 273.15 3.045075381539555 0.0 271.35
18079.0 273.15 3.023361132473206 0.0 271.35
18080.0 273.15 3.001840255589867 0.0 271.35
18081.0 273.15 2.9805305920812266 0.0 271.35
18082.0 273.15 2.959449735148702 0.0 271.35
18083.0 273.15 2.9386150154490505 0.0 271.35
18084.0 273.15 2.9180434870327163 0.0 271.35
18085.0 273.15 2.8977519137902235 0.0 271.35
18086.0 273.15 2.8777567564206485 0.0 271.35
18087.0 273.15 2.8580741599349273 0.0 271.35
18088.0 273.15 2.838719941705466 0.0 271.35
18089.0 273.15 2.8197095800722525 0.0 271.35
18090.0 273.15 2.801058203514385 0.0 271.35
18091.0 273.15 2.7827805803946766 0.0 271.35
18092.0 273.15 2.7648911092837425 0.0 271.35
18093.0 273.15 2.747403809868755 0.0 271.35
18094.0 273.15 2.7303323144508163 0.0 271.35
18095.0 273.15 2.7136898600337336 0.0 271.35
18096.0 273.15 2.6974892810058018 0.0 271.35
18097.0 273.15 2.6817430024150646 0.0 271.35
18098.0 273.15 2.6664630338374207 0.0 271.35
18099.0 273.15 2.6516609638358632 0.0 271.35
18100.0 273.15 2.637347955008107 0.0 271.35
18101.0 273.15 2.6235347396188415 0.0 271.35
18102.0 273.15 2.610231615811898 0.0 271.35
18103.0 273.15 2.59744844439667 0.0 271.35
18104.0 273.15 2.5851946462022584 0.0 271.35
18105.0 273.15 2.57347919999195 0.0 271.35
18106.0 273.15 2.562310640929844 0.0 271.35
18107.0 273.15 2.5516970595906665 0.0 271.35
18108.0 273.15 2.5416461015031078 0.0 271.35
18109.0 273.15 2.5321649672163207 0.0 271.35
18110.0 273.15 2.5232604128786047 0.0 271.35
18111.0 273.15 2.514938751316695 0.0 271.35
18112.0 273.15 2.5072058536035304 0.0 271.35
18113.0 273.15 2.500067151101879 0.0 271.35
18114.0 273.15 2.4935276379707183 0.0 271.35
18115.0 273.15 2.4875918741208642 0.0 271.35
18116.0 273.15 2.482263988605949 0.0 271.35
18117.0 273.15 2.4775476834345165 0.0 271.35
18118.0 273.15 2.4734462377886888 0.00410958904109589 271.35
18119.0 273.15 2.4723719298301243 0.0022058211911850202 271.35
18120.0 273.15 2.4712946216845033 0.001706938934891572 271.35
18121.0 273.15 2.470216356298149 0.0028510996388656047 271.35
18122.0 272.9006716341425 2.4691395491788826 0.0058897972850475684 271.35
18123.0 272.37412284235353 2.468137595602547 0.009999386326143458 271.35
18124.0 271.85112545001857 2.467288079638004 0.01410897536723935 271.35
18125.0 271.3318098581992 2.466586680703394 0.01821856440833524 271.35
18126.0 270.8162990415554 2.4660291577703126 0.02232815344943113 271.35
18127.0 270.30470872581316 2.46561135032853 0.026437742490527022 271.35
18128.0 269.7971475790049 2.4653291791182412 0.030547331531622913 271.35
18129.0 269.29371741499585 2.465178646644572 0.034656920572718804 271.35
18130.0 268.79451340778724 2.465155837488672 0.03876650961381469 271.35
18131.0 268.29962431508693 2.465256918429297 0.04287609865491058 271.35
18132.0 267.80913270964385 2.465478138388347 0.046985687696006466 271.35
18133.0 267.32311521685523 2.465815828213383 0.05109527673710235 271.35
18134.0 266.8416427571804 2.466266400309694 0.05520486577819824 271.35
18135.0 266.36478079192466 2.4668263481340214 0.05931445481929413 271.35
18136.0 265.8925895710006 2.467492245561587 0.06342404386039002 271.35
18137.0 265.4251243813167 2.468260746137612 0.06753363290148591 271.35
18138.0 264.9624357944974 2.4691285822240423 0.0716432219425818 271.35
18139.0 264.50456991270175 2.470092564051747 0.07575281098367768 271.35
18140.0 264.0515686113688 2.4711495786879802 0.07986240002477357 271.35
18141.0 263.603469777789 2.4722965889284594 0.08397198906586946 271.35
18142.0 263.1603075444778 2.4735306321229493 0.08808157810696535 271.35
18143.0 262.72211251639925 2.4748488189428066 0.09219116714806123 271.35
18144.0 262.28891199117254 2.4762483320984887 0.09630075618915712 271.35
18145.0 261.86759699483036 2.4777264250146134 0.10041034523025301 271.35
18146.0 261.51051056212145 2.4792788888805077 0.1045199342713489 271.35
18147.0 261.1536741498759 2.4808900690640803 0.10862952331244478 271.35
18148.0 260.7972799259474 2.4825587612514752 0.11273911235354067 271.35
18149.0 260.4415174672301 2.4842837510986393 0.11684870139463656 271.35
18150.0 260.08657357080136 2.4860638153769887 0.12095829043573245 271.35
18151.0 259.7326320686234 2.487897723103559 0.12506787947682835 271.35
18152.0 259.3798736461751 2.4897842366552436 0.12917746851792425 271.35
18153.0 259.0284756653879 2.4917221128667073 0.13328705755902015 271.35
18154.0 258.67861199225473 2.4937101041115373 0.13739664660011605 271.35
18155.0 258.3304528294878 2.495746959366175 0.14150623564121195 271.35
18156.0 257.98416455459005 2.497831425256152 0.14561582468230785 271.35
18157.0 257.639909563703 2.4999622470841385 0.14972541372340376 271.35
18158.0 257.2978461215894 2.5021381698392955 0.15383500276449966 271.35
18159.0 256.95812821809545 2.504357939187417 0.15794459180559556 271.35
18160.0 256.6209054314309 2.5066203024413256 0.16205418084669146 271.35
18161.0 256.286322798589 2.50892400951099 0.16616376988778736 271.35
18162.0 255.95452069321982 2.5112678138328204 0.17027335892888326 271.35
18163.0 255.6256347112481 2.513650473277595 0.17438294796997916 271.35
18164.0 255.2997955645147 2.5160707510364806 0.17849253701107506 271.35
18165.0 254.97712898269754 2.518527416484596 0.18260212605217097 271.35
18166.0 254.65775562374904 2.521019246021592 0.18671171509326687 271.35
18167.0 254.34179099306368 2.5235450238887154 0.19082130413436277 271.35
18168.0 254.0293453715692 2.5261035429618466 0.19493089317545867 271.35
18169.0 253.72052375290195 2.528693605520007 0.19904048221655457 271.35
18170.0 253.41542578981128 2.531314023988857 0.20315007125765047 271.35
18171.0 253.11414574990093 2.533963621658719 0.20725966029874637 271.35
18172.0 252.81677248079515 2.536641233376689 0.21136924933984227 271.35
18173.0 252.52338938478385 2.5393457062124214 0.21547883838093818 271.35
18174.0 252.23407440297197 2.5420759000972053 0.21958842742203408 271.35
18175.0 251.94890000893287 2.5448306884359737 0.22369801646312998 271.35
18176.0 251.66793321183 2.5476089586919293 0.22780760550422588 271.35
18177.0 251.39123556894504 2.550409612943501 0.23191719454532178 271.35
18178.0 251.11886320751884 2.553231568413382 0.23602678358641768 271.35
18179.0 250.85086685578446 2.556073757969445 0.24013637262751358 271.35
18180.0 250.5872918830386 2.558935130597367 0.24424596166860948 271.35
18181.0 250.32817834857389 2.5618146518448395 0.24835555070970539 271.35
18182.0 250.07356105926152 2.5647113042372855 0.25246513975080126 271.35
18183.0 249.82346963555426 2.5676240876650516 0.25657472879189713 271.35
18184.0 249.577928585645 2.570552019742084 0.260684317832993 271.35
18185.0 249.33695738750203 2.573494136136152 0.2647939068740889 271.35
18186.0 249.100570578469 2.5764494908707185 0.26890349591518475 271.35
18187.0 248.8687778521052 2.579417156598622 0.2730130849562806 271.35
18188.0 248.64158416191535 2.582396224847759 0.2771226739973765 271.35
18189.0 248.4189898316027 2.585385806239028 0.2812322630384724 271.35
18190.0 248.20099067146452 2.588385030676819 0.28534185207956825 271.35
18191.0 248.00644454101655 2.5913930475123976 0.2856180951734909 271.35
18192.0 247.81657832950802 2.5944271978658544 0.28589433826741356 271.35
18193.0 247.63135986280133 2.597486684811195 0.2861705813613362 271.35
18194.0 247.45075336106308 2.6005707191475644 0.2864468244552589 271.35
18195.0 247.2747195925439 2.6036785199565338 0.28672306754918153 271.35
18196.0 247.10321602964234 2.606809315130347 0.2869993106431042 271.35
18197.0 246.93619700681 2.6099623418709896 0.28727555373702685 271.35
18198.0 246.77361387985857 2.6131368471600016 0.2875517968309495 271.35
18199.0 246.6154151862361 2.6163320881990444 0.28782803992487216 271.35
18200.0 246.4615468058499 2.619547332821301 0.2881042830187948 271.35
18201.0 246.31195212202192 2.6227818598738573 0.2883805261127175 271.35
18202.0 246.16657218217478 2.6260349595712844 0.28865676920664013 271.35
18203.0 246.02534585785855 2.6293059338207057 0.2889330123005628 271.35
18204.0 245.88821000374492 2.6325940965186927 0.28920925539448544 271.35
18205.0 245.7550996152256 2.6358987738203954 0.2894854984884081 271.35
18206.0 245.62594798427435 2.639219304381368 0.28976174158233076 271.35
18207.0 245.50068685324302 2.6425550395725983 0.2900379846762534 271.35
18208.0 245.37924656628323 2.6459053436693063 0.29031422777017607 271.35
18209.0 245.26155621810287 2.649269594014113 0.2905904708640987 271.35
18210.0 245.14754379978436 2.6526471811552277 0.2908667139580214 271.35
18211.0 245.037136341412 2.6560375089603414 0.29114295705194404 271.35
18212.0 244.9302600512753 2.659439994706936 0.2914192001458667 271.35
18213.0 244.8268404514329 2.6628540691497653 0.29169544323978935 271.35
18214.0 244.72680250944424 2.6662791765662828 0.291971686333712 271.35
18215.0 244.6300707660928 2.6697147747808065 0.29224792942763467 271.35
18216.0 244.53656945894704 2.6731603351682485 0.2925241725215573 271.35
18217.0 244.44622264162183 2.6766153426382364 0.29280041561548 271.35
18218.0 244.3589542986241 2.680079295600477 0.29307665870940264 271.35
18219.0 244.27468845568353 2.683551705912218 0.2933529018033253 271.35
18220.0 244.19334928548864 2.6870320988086687 0.29362914489724795 271.35
18221.0 244.11486120876452 2.690520012817251 0.2939053879911706 271.35
18222.0 244.03914899064753 2.6940149996565466 0.29418163108509326 271.35
18223.0 243.9661378323255 2.6975166241208037 0.2944578741790159 271.35
18224.0 243.8957534579324 2.701024463950868 0.2947341172729386 271.35
18225.0 243.82792219669548 2.704538109692392 0.29501036036686124 271.35
18226.0 243.76257106035345 2.708057164542168 0.2952866034607839 271.35
18227.0 243.6996278158714 2.7115812441834173 0.29556284655470655 271.35
18228.0 243.6390210534968 2.7151099766108593 0.2958390896486292 271.35
18229.0 243.5806802502086 2.7186430019463677 0.29611533274255186 271.35
18230.0 243.52453582862285 2.7221799722459985 0.2963915758364745 271.35
18231.0 243.4705192114329 2.725720551299167 0.2966678189303972 271.35
18232.0 243.4185628714646 2.7292644144207228 0.29694406202431983 271.35
18233.0 243.36860037744137 2.7328112482366556 0.2972203051182425 271.35
18234.0 243.32056643556058 2.7363607504641396 0.29749654821216515 271.35
18235.0 243.27439692698587 2.7399126296866076 0.2977727913060878 271.35
18236.0 243.23002894137286 2.743466605124514 0.29804903440001046 271.35
18237.0 243.18740080654644 2.7470224064024285 0.2983252774939331 271.35
18238.0 243.14645211445264 2.750579773313077 0.2986015205878558 271.35
18239.0 243.10712374351579 2.7541384555789157 0.29887776368177843 271.35
18240.0 243.06935787753133 2.757698212611808 0.2991540067757011 271.35
18241.0 243.03309802123053 2.761258813271338 0.29943024986962374 271.35
18242.0 242.99828901265104 2.764820035622277 0.2997064929635464 271.35
18243.0 242.96487703245526 2.7683816666916905 0.29998273605746906 271.35
18244.0 242.9328096103334 2.771943502226147 0.3002589791513917 271.35
18245.0 242.90203562863186 2.775505346449465 0.30053522224531437 271.35
18246.0 242.87250532334647 2.779067011821409 0.300811465339237 271.35
18247.0 242.84417028262177 2.7826283187977237 0.3010877084331597 271.35
18248.0 242.816983442891 2.7861890955918636 0.30136395152708234 271.35
18249.0 242.79089908279775 2.789749177938761 0.301640194621005 271.35
18250.0 242.7658728150323 2.7933084088609426 0.30191643771492765 271.35
