0.0 246.86 2.65 0.0 271.35
1.0 246.609509148 2.65666321879 0.0 271.35
2.0 246.600871666 2.66331106343 0.0 271.35
3.0 246.592754644 2.66994350275 0.0 271.35
4.0 246.585183274 2.67656049846 0.0 271.35
5.0 246.578184063 2.68316200483 0.0 271.35
6.0 246.571784882 2.68974796841 0.0 271.35
7.0 246.566015009 2.69631832769 0.0 271.35
8.0 246.560905182 2.70287301284 0.0 271.35
9.0 246.556487643 2.70941194533 0.0 271.35
10.0 246.55279619 2.71593503763 0.0 271.35
11.0 246.549866221 2.72244219285 0.0 271.35
12.0 246.547734785 2.7289333044 0.0 271.35
13.0 246.546440628 2.7354082556 0.0 271.35
14.0 246.546024244 2.74186691934 0.0 271.35
15.0 246.546527915 2.74830915766 0.0 271.35
16.0 246.547995763 2.75473482143 0.0 271.35
17.0 246.550473794 2.76114374986 0.0 271.35
18.0 246.554009939 2.76753577017 0.0 271.35
19.0 246.558654099 2.77391069715 0.0 271.35
20.0 246.564458183 2.78026833274 0.0 271.35
21.0 246.571476152 2.78660846563 0.0 271.35
22.0 246.57976405 2.79293087077 0.0 271.35
23.0 246.589380044 2.79923530902 0.0 271.35
24.0 246.600384453 2.80552152663 0.0 271.35
25.0 246.612839776 2.81178925485 0.0 271.35
26.0 246.626810722 2.81803820948 0.0 271.35
27.0 246.642364231 2.82426809039 0.0 271.35
28.0 246.659569493 2.83047858108 0.0 271.35
29.0 246.678497961 2.83666934829 0.0 271.35
30.0 246.699223366 2.84284004146 0.0 271.35
31.0 246.72182172 2.84899029235 0.0 271.35
32.0 246.746371319 2.85511971459 0.0 271.35
33.0 246.772952739 2.8612279032 0.0 271.35
34.0 246.801648824 2.86731443421 0.0 271.35
35.0 246.832544675 2.87337886422 0.0 271.35
36.0 246.865727624 2.87942072996 0.0 271.35
37.0 246.901287208 2.88543954792 0.0 271.35
38.0 246.939315135 2.89143481391 0.0 271.35
39.0 246.97990524 2.89740600272 0.0 271.35
40.0 247.023153435 2.90335256774 0.0 271.35
41.0 247.069157655 2.90927394058 0.0 271.35
42.0 247.118017787 2.91516953078 0.0 271.35
43.0 247.169835601 2.92103872547 0.0 271.35
44.0 247.224714665 2.92688088908 0.0 271.35
45.0 247.282760255 2.93269536306 0.0 271.35
46.0 247.344079252 2.93848146564 0.0 271.35
47.0 247.408780036 2.94423849165 0.0 271.35
48.0 247.476972363 2.94996571226 0.0 271.35
49.0 247.548767237 2.95566237487 0.0 271.35
50.0 247.624276776 2.96132770297 0.0 271.35
51.0 247.703614054 2.96696089604 0.0 271.35
52.0 247.78689295 2.97256112949 0.0 271.35
53.0 247.874227978 2.97812755467 0.0 271.35
54.0 247.965734106 2.98365929884 0.0 271.35
55.0 248.06152657 2.98915546529 0.0 271.35
56.0 248.161720674 2.99461513338 0.0 271.35
57.0 248.266431583 3.00003735875 0.0 271.35
58.0 248.375774104 3.00542117348 0.0 271.35
59.0 248.489862463 3.01076558635 0.0 271.35
60.0 248.608810062 3.01606958312 0.0 271.35
61.0 248.732729244 3.02133212688 0.0 271.35
62.0 248.861731031 3.02655215846 0.0 271.35
63.0 248.995924869 3.03172859686 0.0 271.35
64.0 249.135418358 3.03686033975 0.0 271.35
65.0 249.280316978 3.04194626407 0.0 271.35
66.0 249.430723807 3.04698522659 0.0 271.35
67.0 249.586739235 3.05197606463 0.0 271.35
68.0 249.748460673 3.05691759676 0.0 271.35
69.0 249.915982255 3.06180862358 0.0 271.35
70.0 250.089394544 3.06664792861 0.0 271.35
71.0 250.268784224 3.07143427914 0.0 271.35
72.0 250.454233805 3.07616642722 0.0 271.35
73.0 250.645821314 3.08084311067 0.0 271.35
74.0 250.843619992 3.08546305414 0.0 271.35
75.0 251.047697996 3.09002497028 0.0 271.35
76.0 251.258118098 3.09452756085 0.0 271.35
77.0 251.474937389 3.09896951805 0.0 271.35
78.0 251.698206987 3.10334952574 0.0 271.35
79.0 251.927971756 3.10766626078 0.0 271.35
80.0 252.164270022 3.11191839449 0.0 271.35
81.0 252.407133306 3.116104594 0.0 271.35
82.0 252.656586059 3.12022352377 0.0 271.35
83.0 252.912645417 3.12427384714 0.0 271.35
84.0 253.175320954 3.12825422785 0.0 271.35
85.0 253.444614456 3.13216333164 0.0 271.35
86.0 253.720519711 3.13599982794 0.0 271.35
87.0 254.003022301 3.13976239146 0.0 271.35
88.0 254.292099422 3.14344970395 0.0 271.35
89.0 254.587719717 3.14706045589 0.0 271.35
90.0 254.889843116 3.15059334823 0.0 271.35
91.0 255.198420712 3.15404709417 0.0 271.35
92.0 255.513394638 3.15742042092 0.0 271.35
93.0 255.834697975 3.16071207147 0.0 271.35
94.0 256.162254672 3.16392080643 0.0 271.35
95.0 256.495979495 3.16704540578 0.0 271.35
96.0 256.835777984 3.17008467069 0.0 271.35
97.0 257.181546447 3.17303742532 0.0 271.35
98.0 257.53317196 3.17590251857 0.0 271.35
99.0 257.890532396 3.1786788259 0.0 271.35
100.0 258.25349648 3.18136525105 0.0 271.35
101.0 258.621923853 3.1839607278 0.0 271.35
102.0 258.995665169 3.18646422167 0.0 271.35
103.0 259.374562207 3.18887473164 0.0 271.35
104.0 259.758448004 3.19119129176 0.0 271.35
105.0 260.147147014 3.19341297285 0.0 271.35
106.0 260.540475277 3.19553888401 0.0 271.35
107.0 260.938240617 3.19756817422 0.0 271.35
108.0 261.340242855 3.19950003387 0.0 271.35
109.0 261.74627404 3.20133369616 0.0 271.35
110.0 262.156118693 3.20306843858 0.0 271.35
111.0 262.56955408 3.20470358425 0.0 271.35
112.0 262.986350485 3.20623850322 0.0 271.35
113.0 263.406271512 3.20767261377 0.0 271.35
114.0 263.829074388 3.20900538358 0.0 271.35
115.0 264.254510291 3.21023633091 0.0 271.35
116.0 264.682324678 3.21136502564 0.0 271.35
117.0 265.112257634 3.21239109036 0.0 271.35
118.0 265.544044225 3.21331420126 0.0 271.35
119.0 265.977414858 3.2141340891 0.0 271.35
120.0 266.412095654 3.21485054001 0.0 271.35
121.0 266.847808823 3.21546339627 0.0 271.35
122.0 267.284273044 3.21639218197 0.0 271.35
123.0 267.721123592 3.21721713559 0.0 271.35
124.0 268.158173484 3.21793829426 0.0 271.35
125.0 268.595132849 3.21855575368 0.0 271.35
126.0 269.031709831 3.21906966862 0.0 271.35
127.0 269.46761098 3.21948025318 0.0 271.35
128.0 269.902541642 3.21978778118 0.0 271.35
129.0 270.33620635 3.21999258635 0.0 271.35
130.0 270.768309213 3.22009506251 0.0 271.35
131.0 271.198554294 3.22009566368 0.0 271.35
132.0 271.626645992 3.2199949041 0.0 271.35
133.0 272.052289416 3.21979335828 0.0 271.35
134.0 272.475190752 3.21949166085 0.0 271.35
135.0 272.895057624 3.2190905065 0.0 271.35
136.0 273.15 3.2183911503 0.0 271.35
137.0 273.15 3.21708252339 0.0 271.35
138.0 273.15 3.21516804158 0.0 271.35
139.0 273.15 3.21265159261 0.0 271.35
140.0 273.15 3.20953753781 0.0 271.35
141.0 273.15 3.20583071306 0.0 271.35
142.0 273.15 3.20153642916 0.0 271.35
143.0 273.15 3.19666047142 0.0 271.35
144.0 273.15 3.19120909864 0.0 271.35
145.0 273.15 3.18518904142 0.0 271.35
146.0 273.15 3.17860749974 0.0 271.35
147.0 273.15 3.17147213992 0.0 271.35
148.0 273.15 3.16379109083 0.0 271.35
149.0 273.15 3.15557293948 0.0 271.35
150.0 273.15 3.14682672591 0.0 271.35
151.0 273.15 3.13756193746 0.0 271.35
152.0 273.15 3.12778850228 0.0 271.35
153.0 273.15 3.11751678231 0.0 271.35
154.0 273.15 3.10624822769 0.0 271.35
155.0 273.15 3.09450338197 0.0 271.35
156.0 273.15 3.08229385965 0.0 271.35
157.0 273.15 3.06963167439 0.0 271.35
158.0 273.15 3.05652922893 0.0 271.35
159.0 273.15 3.0429993044 0.0 271.35
160.0 273.15 3.029055049 0.0 271.35
161.0 273.15 3.01470996628 0.0 271.35
162.0 273.15 2.99997790279 0.0 271.35
163.0 273.15 2.98487303538 0.0 271.35
164.0 273.15 2.96940985784 0.0 271.35
165.0 273.15 2.95360316733 0.0 271.35
166.0 273.15 2.93746805019 0.0 271.35
167.0 273.15 2.92101986747 0.0 271.35
168.0 273.15 2.90427424009 0.0 271.35
169.0 273.15 2.88724703358 0.0 271.35
170.0 273.15 2.86995434261 0.0 271.35
171.0 273.15 2.85241247516 0.0 271.35
172.0 273.15 2.83463793647 0.0 271.35
173.0 273.15 2.81664741271 0.0 271.35
174.0 273.15 2.79845775454 0.0 271.35
175.0 273.15 2.78008596037 0.0 271.35
176.0 273.15 2.76154915963 0.0 271.35
177.0 273.15 2.74286459574 0.0 271.35
178.0 273.15 2.72404960919 0.0 271.35
179.0 273.15 2.70512162039 0.0 271.35
180.0 273.15 2.68609811261 0.0 271.35
181.0 273.15 2.66699661483 0.0 271.35
182.0 273.15 2.64783468473 0.0 271.35
183.0 273.15 2.62862989157 0.0 271.35
184.0 273.15 2.60939979932 0.0 271.35
185.0 273.15 2.59016194979 0.0 271.35
186.0 273.15 2.57093384594 0.0 271.35
187.0 273.15 2.55173293533 0.0 271.35
188.0 273.15 2.53257659376 0.0 271.35
189.0 273.15 2.51348210913 0.0 271.35
190.0 273.15 2.49446666553 0.0 271.35
191.0 273.15 2.47554732757 0.0 271.35
192.0 273.15 2.456741025 0.0 271.35
193.0 273.15 2.43806453761 0.0 271.35
194.0 273.15 2.41953448053 0.0 271.35
195.0 273.15 2.40116728971 0.0 271.35
196.0 273.15 2.38297920792 0.0 271.35
197.0 273.15 2.36498627104 0.0 271.35
198.0 273.15 2.34720429474 0.0 271.35
199.0 273.15 2.32964886159 0.0 271.35
200.0 273.15 2.31233530855 0.0 271.35
201.0 273.15 2.295278715 0.0 271.35
202.0 273.15 2.27849389105 0.0 271.35
203.0 273.15 2.26199536643 0.0 271.35
204.0 273.15 2.24579737986 0.0 271.35
205.0 273.15 2.22991386874 0.0 271.35
206.0 273.15 2.21435845955 0.0 271.35
207.0 273.15 2.19914445853 0.0 271.35
208.0 273.15 2.18428484302 0.0 271.35
209.0 273.15 2.16979225317 0.0 271.35
210.0 273.15 2.15567898427 0.0 271.35
211.0 273.15 2.14195697953 0.0 271.35
212.0 273.15 2.12863782334 0.0 271.35
213.0 273.15 2.11573273514 0.0 271.35
214.0 273.15 2.1032525637 0.0 271.35
215.0 273.15 2.09120778201 0.0 271.35
216.0 273.15 2.07960848256 0.0 271.35
217.0 273.15 2.06846437328 0.0 271.35
218.0 273.15 2.05778477383 0.0 271.35
219.0 273.15 2.04757861252 0.0 271.35
220.0 273.15 2.03785442365 0.0 271.35
221.0 273.15 2.02862034538 0.0 271.35
222.0 273.15 2.01988411805 0.0 271.35
223.0 273.15 2.01165308303 0.0 271.35
224.0 273.15 2.00393418199 0.0 271.35
225.0 273.15 1.99673395666 0.0 271.35
226.0 273.15 1.99005854907 0.0 271.35
227.0 273.15 1.98391370217 0.0 271.35
228.0 273.15 1.97830476096 0.0 271.35
229.0 273.15 1.97323667399 0.0 271.35
230.0 273.15 1.96871399531 0.0 271.35
231.0 273.15 1.96474088683 0.0 271.35
232.0 273.15 1.96132112103 0.0 271.35
233.0 273.15 1.95977387359 0.0 271.35
234.0 273.15 1.95878635846 0.0 271.35
235.0 273.15 1.95836120012 0.0 271.35
236.0 273.107451718 1.95844818002 0.0 271.35
237.0 272.757744056 1.95867133313 0.0 271.35
238.0 272.40608332 1.95903143625 0.0 271.35
239.0 272.052661047 1.95952916292 0.0 271.35
240.0 271.697667355 1.96016508351 0.0 271.35
241.0 271.34129083 1.96093966552 0.0 271.35
242.0 270.983718401 1.96185327393 0.0 271.35
243.0 270.625135235 1.96290617184 0.0 271.35
244.0 270.265724624 1.96409852109 0.0 271.35
245.0 269.905667878 1.9654303832 0.0 271.35
246.0 269.545144224 1.96690172031 0.0 271.35
247.0 269.1843307 1.96851239637 0.0 271.35
248.0 268.82340206 1.97026217837 0.0 271.35
249.0 268.462530675 1.97215073781 0.0 271.35
250.0 268.101886444 1.97417765223 0.0 271.35
251.0 267.741636699 1.97634240686 0.0 271.35
252.0 267.381946114 1.97864439645 0.0 271.35
253.0 267.022976627 1.98108292716 0.0 271.35
254.0 266.664887348 1.98365721858 0.0 271.35
255.0 266.307834479 1.9863664059 0.0 271.35
256.0 265.951971238 1.98920954207 0.0 271.35
257.0 265.597447775 1.99218560017 0.0 271.35
258.0 265.244411104 1.99529347582 0.0 271.35
259.0 264.893005026 1.99853198964 0.0 271.35
260.0 264.543370058 2.00189988983 0.0 271.35
261.0 264.195643364 2.0053958548 0.0 271.35
262.0 263.849958694 2.00901849586 0.0 271.35
263.0 263.506446314 2.01276635997 0.0 271.35
264.0 263.165232947 2.01663793252 0.0 271.35
265.0 262.826441715 2.02063164017 0.0 271.35
266.0 262.490192083 2.02474585374 0.0 271.35
267.0 262.156599803 2.02897889104 0.0 271.35
268.0 261.825776866 2.03332901986 0.0 271.35
269.0 261.497831454 2.03779446086 0.0 271.35
270.0 261.172867892 2.04237339049 0.0 271.35
271.0 260.850986611 2.04706394397 0.0 271.35
272.0 260.532284107 2.05186421817 0.0 271.35
273.0 260.216852906 2.0567722746 0.0 271.35
274.0 259.904781535 2.06178614224 0.0 271.35
275.0 259.59615449 2.06690382048 0.0 271.35
276.0 259.291052218 2.07212328194 0.0 271.35
277.0 258.989551091 2.07744247534 0.0 271.35
278.0 258.691723397 2.08285932823 0.0 271.35
279.0 258.39763732 2.08837174979 0.0 271.35
280.0 258.10735694 2.0939776335 0.0 271.35
281.0 257.820942227 2.09967485979 0.0 271.35
282.0 257.538449041 2.10546129866 0.0 271.35
283.0 257.259929142 2.11133481222 0.0 271.35
284.0 256.985430196 2.11729325712 0.0 271.35
285.0 256.714995795 2.12333448705 0.0 271.35
286.0 256.448665472 2.12945635503 0.0 271.35
287.0 256.186474732 2.13565671569 0.0 271.35
288.0 255.928455076 2.14193342755 0.0 271.35
289.0 255.674634038 2.14828435505 0.0 271.35
290.0 255.425035225 2.15470737074 0.0 271.35
291.0 255.179678359 2.16120035715 0.0 271.35
292.0 254.938579326 2.16776120878 0.0 271.35
293.0 254.70175023 2.17438783392 0.0 271.35
294.0 254.469199452 2.18107815636 0.0 271.35
295.0 254.240931707 2.18783011712 0.0 271.35
296.0 254.016948116 2.19464167602 0.0 271.35
297.0 253.797246274 2.20151081317 0.0 271.35
298.0 253.581820326 2.20843553045 0.0 271.35
299.0 253.370661044 2.21541385283 0.0 271.35
300.0 253.16375591 2.22244382965 0.0 271.35
301.0 252.961089204 2.22952353583 0.0 271.35
302.0 252.762642088 2.23665107295 0.0 271.35
303.0 252.568392705 2.24382457034 0.0 271.35
304.0 252.378316269 2.251042186 0.0 271.35
305.0 252.192385165 2.25707603094 0.0 271.35
306.0 252.013283842 2.2631530294 0.0 271.35
307.0 251.838288544 2.26927144264 0.0 271.35
308.0 251.667361127 2.27542956138 0.0 271.35
309.0 251.500461108 2.28162570655 0.0 271.35
310.0 251.337545774 2.28785822985 0.0 271.35
311.0 251.178570296 2.29412551438 0.0 271.35
312.0 251.023487837 2.30042597506 0.0 271.35
313.0 250.872249665 2.3067580591 0.0 271.35
314.0 250.724805269 2.31312024636 0.0 271.35
315.0 250.581102466 2.31951104963 0.0 271.35
316.0 250.441087516 2.32592901493 0.0 271.35
317.0 250.304705231 2.33237272162 0.0 271.35
318.0 250.17189909 2.3388407826 0.0 271.35
319.0 250.042611345 2.3453318444 0.0 271.35
320.0 249.916783132 2.35184458715 0.0 271.35
321.0 249.794354578 2.35837772463 0.0 271.35
322.0 249.675264905 2.36493000417 0.0 271.35
323.0 249.55945254 2.37150020656 0.0 271.35
324.0 249.446855208 2.37808714591 0.0 271.35
325.0 249.337410044 2.38468966944 0.0 271.35
326.0 249.231053679 2.3913066573 0.0 271.35
327.0 249.127722346 2.39793702226 0.0 271.35
328.0 249.027351968 2.40457970944 0.0 271.35
329.0 248.92987825 2.41123369599 0.0 271.35
330.0 248.835236766 2.41789799074 0.0 271.35
331.0 248.743363046 2.42457163381 0.0 271.35
332.0 248.654192658 2.43125369619 0.0 271.35
333.0 248.567661287 2.43794327932 0.0 271.35
334.0 248.48370481 2.44463951465 0.0 271.35
335.0 248.402259371 2.45134156317 0.0 271.35
336.0 248.32326145 2.45804861487 0.0 271.35
337.0 248.246647932 2.46475988831 0.0 271.35
338.0 248.172356165 2.47147463002 0.0 271.35
339.0 248.100324029 2.47819211402 0.0 271.35
340.0 248.030489984 2.48491164126 0.0 271.35
341.0 247.962793131 2.49163253904 0.0 271.35
342.0 247.897173259 2.49835416047 0.0 271.35
343.0 247.833570894 2.50507588389 0.0 271.35
344.0 247.771927341 2.51179711229 0.0 271.35
345.0 247.712184729 2.51851727271 0.0 271.35
346.0 247.654286045 2.52523581568 0.0 271.35
347.0 247.598175172 2.53195221463 0.0 271.35
348.0 247.543796919 2.53866596526 0.0 271.35
349.0 247.491097051 2.54537658499 0.0 271.35
350.0 247.440022316 2.55208361237 0.0 271.35
351.0 247.390520465 2.55878660647 0.0 271.35
352.0 247.342540277 2.5654851463 0.0 271.35
353.0 247.296031576 2.57217883024 0.0 271.35
354.0 247.250945241 2.57886727546 0.0 271.35
355.0 247.207233227 2.58555011733 0.0 271.35
356.0 247.164848571 2.5922270089 0.0 271.35
357.0 247.123745401 2.59889762029 0.0 271.35
358.0 247.083878941 2.60556163815 0.0 271.35
359.0 247.045205517 2.61221876514 0.0 271.35
360.0 247.007682558 2.61886871938 0.0 271.35
361.0 246.971268596 2.62551123391 0.0 271.35
362.0 246.935923262 2.63214605618 0.0 271.35
363.0 246.901607285 2.63877294754 0.0 271.35
364.0 246.868282488 2.64539168276 0.0 271.35
