0.0 242.8772 2.9184 0.3047 271.35
1.0 242.549141738 2.92158918406 0.304984090909 271.35
2.0 242.549869354 2.92477442563 0.305268181818 271.35
3.0 242.550905527 2.92795569538 0.305552272727 271.35
4.0 242.552268229 2.93113296175 0.305836363636 271.35
5.0 242.55397635 2.93430619082 0.306120454545 271.35
6.0 242.556049727 2.93747534622 0.306404545455 271.35
7.0 242.558509184 2.94064038901 0.306688636364 271.35
8.0 242.561376564 2.94380127752 0.306972727273 271.35
9.0 242.564674767 2.9469579673 0.307256818182 271.35
10.0 242.568427784 2.95011041091 0.307540909091 271.35
11.0 242.572660738 2.95325855786 0.307825 271.35
12.0 242.577399915 2.95640235442 0.308109090909 271.35
13.0 242.582672806 2.95954174351 0.308393181818 271.35
14.0 242.58850814 2.96267666453 0.308677272727 271.35
15.0 242.594935923 2.96580705324 0.308961363636 271.35
16.0 242.601987473 2.9689328416 0.309245454545 271.35
17.0 242.609695458 2.9720539576 0.309529545455 271.35
18.0 242.61809393 2.9751703251 0.309813636364 271.35
19.0 242.62721836 2.97828186369 0.310097727273 271.35
20.0 242.637105675 2.9813884885 0.310381818182 271.35
21.0 242.647794287 2.98449011004 0.310665909091 271.35
22.0 242.659324134 2.98758663402 0.31095 271.35
23.0 242.6717367 2.99067796118 0.311234090909 271.35
24.0 242.685075057 2.99376398709 0.311518181818 271.35
25.0 242.699383884 2.99684460201 0.311802272727 271.35
26.0 242.714709503 2.99991969065 0.312086363636 271.35
27.0 242.731099897 3.00298913204 0.312370454545 271.35
28.0 242.748604738 3.00605279929 0.312654545455 271.35
29.0 242.767275406 3.00911055941 0.312938636364 271.35
30.0 242.787165011 3.01216227315 0.313222727273 271.35
31.0 242.808328405 3.01520779476 0.313506818182 271.35
32.0 242.830822198 3.01824697183 0.313790909091 271.35
33.0 242.854704769 3.02127964508 0.314075 271.35
34.0 242.880036273 3.02430564816 0.314359090909 271.35
35.0 242.906878644 3.02732480746 0.314643181818 271.35
36.0 242.935295596 3.03033694194 0.314927272727 271.35
37.0 242.96535262 3.03334186287 0.315211363636 271.35
38.0 242.997116973 3.03633937372 0.315495454545 271.35
39.0 243.030657672 3.03932926993 0.315779545455 271.35
40.0 243.066045473 3.0423113387 0.316063636364 271.35
41.0 243.103352849 3.04528535888 0.316347727273 271.35
42.0 243.142653967 3.04825110071 0.316631818182 271.35
43.0 243.184024655 3.0512083257 0.316915909091 271.35
44.0 243.227542363 3.05415678645 0.3172 271.35
45.0 243.273286124 3.05709622647 0.317484090909 271.35
46.0 243.321336504 3.06002638005 0.317768181818 271.35
47.0 243.371775545 3.06294697209 0.318052272727 271.35
48.0 243.42468671 3.06585771797 0.318336363636 271.35
49.0 243.480154809 3.06875832342 0.318620454545 271.35
50.0 243.538265933 3.07164848439 0.318904545455 271.35
51.0 243.599107368 3.07452788694 0.319188636364 271.35
52.0 243.662767509 3.07739620714 0.319472727273 271.35
53.0 243.72933577 3.08025311097 0.319756818182 271.35
54.0 243.798902477 3.08309825427 0.320040909091 271.35
55.0 243.871558767 3.08593128265 0.320325 271.35
56.0 243.947396465 3.08875183146 0.320609090909 271.35
57.0 244.02650797 3.09155952571 0.320893181818 271.35
58.0 244.108986121 3.09435398012 0.321177272727 271.35
59.0 244.194924059 3.09713479908 0.321461363636 271.35
60.0 244.28441509 3.09990157663 0.321745454545 271.35
61.0 244.377552528 3.10265389656 0.322029545455 271.35
62.0 244.474429542 3.10539133242 0.322313636364 271.35
63.0 244.575138991 3.10811344758 0.322597727273 271.35
64.0 244.679773251 3.11081979536 0.322881818182 271.35
65.0 244.788424044 3.11350991909 0.323165909091 271.35
66.0 244.90118225 3.11618335229 0.32345 271.35
67.0 245.018137721 3.11883961877 0.323734090909 271.35
68.0 245.139379085 3.12147823287 0.324018181818 271.35
69.0 245.264993551 3.12409869958 0.324302272727 271.35
70.0 245.395066701 3.12670051484 0.324586363636 271.35
71.0 245.529682283 3.1292831657 0.324870454545 271.35
72.0 245.668922001 3.13184613068 0.325154545455 271.35
73.0 245.812865298 3.13438887999 0.325438636364 271.35
74.0 245.961589137 3.13691087586 0.325722727273 271.35
75.0 246.115167783 3.13941157292 0.326006818182 271.35
76.0 246.273672579 3.1418904185 0.326290909091 271.35
77.0 246.437171724 3.1443468531 0.326575 271.35
78.0 246.605730046 3.14678031072 0.326859090909 271.35
79.0 246.779408785 3.14919021936 0.327143181818 271.35
80.0 246.958265364 3.15157600144 0.327427272727 271.35
81.0 247.142353169 3.15393707433 0.327711363636 271.35
82.0 247.331721335 3.15627285082 0.327995454545 271.35
83.0 247.526414524 3.15858273967 0.328279545455 271.35
84.0 247.726472715 3.16086614616 0.328563636364 271.35
85.0 247.931931 3.16312247267 0.328847727273 271.35
86.0 248.142819374 3.16535111927 0.329131818182 271.35
87.0 248.359162545 3.16755148436 0.329415909091 271.35
88.0 248.580979744 3.16972296527 0.3297 271.35
89.0 248.808284537 3.17186495894 0.329984090909 271.35
90.0 249.041084656 3.17397686259 0.330268181818 271.35
91.0 249.279381832 3.17605807442 0.330552272727 271.35
92.0 249.52317164 3.17810799427 0.330836363636 271.35
93.0 249.772443348 3.18012602442 0.331120454545 271.35
94.0 250.027179791 3.18211157022 0.331404545455 271.35
95.0 250.287357239 3.18406404092 0.331688636364 271.35
96.0 250.552945287 3.18598285036 0.331972727273 271.35
97.0 250.823906759 3.1878674178 0.332256818182 271.35
98.0 251.100197619 3.18971716861 0.332540909091 271.35
99.0 251.381766894 3.1915315351 0.332825 271.35
100.0 251.668556622 3.19330995728 0.333109090909 271.35
101.0 251.960501798 3.19505188363 0.333393181818 271.35
102.0 252.257530347 3.1967567719 0.333677272727 271.35
103.0 252.559563107 3.19842408991 0.333961363636 271.35
104.0 252.866513824 3.20005331626 0.334245454545 271.35
105.0 253.178289165 3.2016439412 0.334529545455 271.35
106.0 253.494788747 3.2031954673 0.334813636364 271.35
107.0 253.815905174 3.2047074103 0.335097727273 271.35
108.0 254.141524097 3.20617929981 0.335381818182 271.35
109.0 254.471524283 3.20761068009 0.335665909091 271.35
110.0 254.805777703 3.20900111074 0.33595 271.35
111.0 255.144149625 3.21035016748 0.336234090909 271.35
112.0 255.486498735 3.21165744278 0.336518181818 271.35
113.0 255.832677256 3.21292254662 0.336802272727 271.35
114.0 256.182531094 3.21414510712 0.337086363636 271.35
115.0 256.535899987 3.21532477121 0.337370454545 271.35
116.0 256.89261767 3.21646120526 0.337654545455 271.35
117.0 257.252512052 3.21755409569 0.337938636364 271.35
118.0 257.615405404 3.21860314956 0.338222727273 271.35
119.0 257.981114556 3.21960809515 0.338506818182 271.35
120.0 258.349451107 3.2205686825 0.338790909091 271.35
121.0 258.720221641 3.22148468389 0.339075 271.35
122.0 259.093227953 3.22235589442 0.340687903226 271.35
123.0 259.466332722 3.22317997351 0.342300806452 271.35
124.0 259.841410621 3.22395690931 0.343913709677 271.35
125.0 260.218248609 3.22468671385 0.345526612903 271.35
126.0 260.596629706 3.22536942329 0.347139516129 271.35
127.0 260.976333254 3.22600509814 0.348752419355 271.35
128.0 261.357135189 3.22659382346 0.350365322581 271.35
129.0 261.738808313 3.22713570898 0.351978225806 271.35
130.0 262.121122568 3.22763088927 0.353591129032 271.35
131.0 262.503845321 3.22807952379 0.355204032258 271.35
132.0 262.886741639 3.22848179696 0.356816935484 271.35
133.0 263.269574575 3.22883791822 0.35842983871 271.35
134.0 263.652105451 3.229148122 0.360042741935 271.35
135.0 264.034094139 3.22941266771 0.361655645161 271.35
136.0 264.415299345 3.22963183968 0.363268548387 271.35
137.0 264.795478888 3.22980594705 0.364881451613 271.35
138.0 265.174389983 3.22993532372 0.366494354839 271.35
139.0 265.551789513 3.23002032813 0.368107258065 271.35
140.0 265.927434308 3.23006134313 0.36972016129 271.35
141.0 266.301081411 3.23005877582 0.371333064516 271.35
142.0 266.672488349 3.23001305724 0.372945967742 271.35
143.0 267.04141339 3.22992464222 0.374558870968 271.35
144.0 267.407615808 3.22979400904 0.376171774194 271.35
145.0 267.77085613 3.22962165917 0.377784677419 271.35
146.0 268.130896385 3.22940811695 0.379397580645 271.35
147.0 268.487500348 3.22915392925 0.381010483871 271.35
148.0 268.840433775 3.22885966509 0.382623387097 271.35
149.0 269.18946463 3.22852591528 0.384236290323 271.35
150.0 269.534363313 3.22815329205 0.385849193548 271.35
151.0 269.874902875 3.22774242855 0.387462096774 271.35
152.0 270.210859227 3.2272939785 0.389075 271.35
153.0 270.542011346 3.22680861568 0.390687903226 271.35
154.0 270.868141468 3.22628703348 0.390687903226 271.35
155.0 271.189060189 3.22572997614 0.390687903226 271.35
156.0 271.50443454 3.22513805052 0.390687903226 271.35
157.0 271.81406168 3.22451188544 0.390687903226 271.35
158.0 272.117742758 3.22385213135 0.390687903226 271.35
159.0 272.415283074 3.22315945984 0.390687903226 271.35
160.0 272.706492227 3.22243456328 0.390687903226 271.35
161.0 272.991184259 3.22167815435 0.390687903226 271.35
162.0 273.15 3.22090415142 0.39022848835 271.35
163.0 273.15 3.22013001285 0.388722166017 271.35
164.0 273.15 3.21935548624 0.386194055589 271.35
165.0 273.15 3.21858032233 0.382670129801 271.35
166.0 273.15 3.21780427345 0.378177200923 271.35
167.0 273.15 3.21702709201 0.372742905567 271.35
168.0 273.15 3.2162485291 0.366395688233 271.35
169.0 273.15 3.21546833305 0.35916478366 271.35
170.0 273.15 3.21468624807 0.351080198082 271.35
171.0 273.15 3.21390201283 0.342172689456 271.35
172.0 273.15 3.21311535908 0.332473746746 271.35
173.0 273.15 3.21232601013 0.322015568342 271.35
174.0 273.15 3.21153367937 0.310831039701 271.35
175.0 273.15 3.21073806867 0.298953710293 271.35
176.0 273.15 3.20993886668 0.286417769938 271.35
177.0 273.15 3.20913574705 0.273258024631 271.35
178.0 273.15 3.20832836647 0.259509871958 271.35
179.0 273.15 3.20751636262 0.245209276194 271.35
180.0 273.15 3.20669935188 0.230392743213 271.35
181.0 273.15 3.20587692685 0.215097295308 271.35
182.0 273.15 3.20504865366 0.199360446069 271.35
183.0 273.15 3.204214069 0.183220175446 271.35
184.0 273.15 3.20337267682 0.166714905138 271.35
185.0 273.15 3.20252394471 0.149883474491 271.35
186.0 273.15 3.2016672999 0.132765117048 271.35
187.0 273.15 3.20080212479 0.115399437966 271.35
188.0 273.15 3.19992775202 0.0978263924826 271.35
189.0 273.15 3.19904345893 0.0792874340009 271.35
190.0 273.15 3.1981479654 0.0538937972599 271.35
191.0 273.15 3.19723577519 0.0193904255191 271.35
192.0 273.15 3.18633365565 0.0 271.35
193.0 273.15 3.16594282605 0.0 271.35
194.0 273.15 3.14571517164 0.0 271.35
195.0 273.15 3.1256682182 0.0 271.35
196.0 273.15 3.10581927769 0.0 271.35
197.0 273.15 3.08618543367 0.0 271.35
198.0 273.15 3.06678352726 0.0 271.35
199.0 273.15 3.04763014339 0.0 271.35
200.0 273.15 3.02874159766 0.0 271.35
201.0 273.15 3.0101339236 0.0 271.35
202.0 273.15 2.9918228604 0.0 271.35
203.0 273.15 2.97382384122 0.0 271.35
204.0 273.15 2.95615198192 0.0 271.35
205.0 273.15 2.93882207035 0.0 271.35
206.0 273.15 2.92184855619 0.0 271.35
207.0 273.15 2.9052455413 0.0 271.35
208.0 273.15 2.88902677058 0.0 271.35
209.0 273.15 2.87320562342 0.0 271.35
210.0 273.15 2.85779510572 0.0 271.35
211.0 273.15 2.84280784236 0.0 271.35
212.0 273.15 2.82825607035 0.0 271.35
213.0 273.15 2.81415163244 0.0 271.35
214.0 273.15 2.8005059713 0.0 271.35
215.0 273.15 2.78733012435 0.0 271.35
216.0 273.15 2.77463471894 0.0 271.35
217.0 273.15 2.76242996831 0.0 271.35
218.0 273.15 2.75072566791 0.0 271.35
219.0 273.15 2.73953119234 0.0 271.35
220.0 273.15 2.72885549283 0.0 271.35
221.0 273.15 2.71870709522 0.0 271.35
222.0 273.15 2.70909409845 0.0 271.35
223.0 273.15 2.7000241736 0.0 271.35
224.0 273.15 2.6915045634 0.0 271.35
225.0 273.15 2.68354208226 0.0 271.35
226.0 273.15 2.67614311674 0.0 271.35
227.0 273.15 2.66931362655 0.0 271.35
228.0 273.15 2.663059146 0.0 271.35
229.0 273.15 2.65738478585 0.0 271.35
230.0 273.15 2.65229523567 0.0 271.35
231.0 273.15 2.6477947666 0.0 271.35
232.0 273.15 2.64388723453 0.0 271.35
233.0 273.15 2.64057608367 0.0 271.35
234.0 273.15 2.63786435052 0.0 271.35
235.0 273.15 2.63575466824 0.00123403421239 271.35
236.0 273.15 2.63472149032 0.0042814570663 271.35
237.0 272.932282168 2.63374697008 0.00844812373297 271.35
238.0 272.419267372 2.63290499645 0.0126147903996 271.35
239.0 271.90929862 2.63219194603 0.0167814570663 271.35
240.0 271.402505631 2.63160426236 0.020948123733 271.35
241.0 270.899011414 2.63113845624 0.0251147903996 271.35
242.0 270.398932455 2.63079110607 0.0292814570663 271.35
243.0 269.902378915 2.63055885788 0.033448123733 271.35
244.0 269.40945483 2.63043842537 0.0376147903996 271.35
245.0 268.920258328 2.63042658969 0.0417814570663 271.35
246.0 268.434881844 2.6305201992 0.045948123733 271.35
247.0 267.953412339 2.63071616911 0.0501147903996 271.35
248.0 267.47593153 2.63101148094 0.0542814570663 271.35
249.0 267.002516111 2.63140318201 0.058448123733 271.35
250.0 266.533237981 2.63188838473 0.0626147903996 271.35
251.0 266.06816447 2.63246426592 0.0667814570663 271.35
252.0 265.607358567 2.633128066 0.070948123733 271.35
253.0 265.150879133 2.63387708809 0.0751147903996 271.35
254.0 264.698781124 2.63470869716 0.0792814570663 271.35
255.0 264.251115806 2.63562031904 0.083448123733 271.35
256.0 263.807930953 2.63660943942 0.0876147903996 271.35
257.0 263.369271056 2.63767360282 0.0917814570663 271.35
258.0 262.935177511 2.63881041153 0.095948123733 271.35
259.0 262.505688809 2.64001752451 0.1001147904 271.35
260.0 262.08261719 2.64129230175 0.104281457066 271.35
261.0 261.724538432 2.64262059279 0.108448123733 271.35
262.0 261.366635681 2.64400134179 0.1126147904 271.35
263.0 261.009104789 2.64543348214 0.116781457066 271.35
264.0 260.652139083 2.64691593759 0.120948123733 271.35
265.0 260.295929165 2.64844762322 0.1251147904 271.35
266.0 259.940662722 2.65002744648 0.129281457066 271.35
267.0 259.586524334 2.65165430821 0.133448123733 271.35
268.0 259.233695293 2.65332710359 0.1376147904 271.35
269.0 258.882353419 2.65504472318 0.141781457066 271.35
270.0 258.532672887 2.65680605383 0.145948123733 271.35
271.0 258.184824058 2.65860997968 0.1501147904 271.35
272.0 257.838973313 2.66045538305 0.154281457066 271.35
273.0 257.495282897 2.66234114542 0.158448123733 271.35
274.0 257.153910765 2.66426614827 0.1626147904 271.35
275.0 256.815010442 2.66622927402 0.166781457066 271.35
276.0 256.478730881 2.66822940688 0.170948123733 271.35
277.0 256.145216338 2.67026543371 0.1751147904 271.35
278.0 255.814606246 2.67233624485 0.179281457066 271.35
279.0 255.487035106 2.67444073495 0.183448123733 271.35
280.0 255.162632376 2.67657780374 0.1876147904 271.35
281.0 254.841522382 2.67874635684 0.191781457066 271.35
282.0 254.523824225 2.6809453065 0.195948123733 271.35
283.0 254.209651705 2.68317357233 0.2001147904 271.35
284.0 253.899113253 2.68543008201 0.204281457066 271.35
285.0 253.592311868 2.687713772 0.208448123733 271.35
286.0 253.289345074 2.6900235882 0.2126147904 271.35
287.0 252.990304873 2.69235848657 0.216781457066 271.35
288.0 252.695277719 2.69471743378 0.220948123733 271.35
289.0 252.404344498 2.6970994078 0.2251147904 271.35
290.0 252.117580514 2.69950339845 0.229281457066 271.35
291.0 251.835055493 2.70192840797 0.233448123733 271.35
292.0 251.556833589 2.70437345153 0.2376147904 271.35
293.0 251.282973405 2.70683755774 0.241781457066 271.35
294.0 251.013528019 2.70931976907 0.245948123733 271.35
295.0 250.748545025 2.71181914237 0.2501147904 271.35
296.0 250.488066578 2.71433474922 0.254281457066 271.35
297.0 250.232129451 2.71686567634 0.258448123733 271.35
298.0 249.980765099 2.71941102598 0.2626147904 271.35
299.0 249.733999734 2.72196991622 0.266781457066 271.35
300.0 249.491854407 2.72454148131 0.270948123733 271.35
301.0 249.254345096 2.72712487192 0.2751147904 271.35
302.0 249.021482803 2.72971925544 0.279281457066 271.35
303.0 248.793273663 2.73232381619 0.283448123733 271.35
304.0 248.569719049 2.73493775564 0.2876147904 271.35
305.0 248.350815695 2.73756029254 0.287898881309 271.35
306.0 248.153435315 2.74020713987 0.288182972218 271.35
307.0 247.960794284 2.74287757661 0.288467063127 271.35
308.0 247.772862285 2.74557088822 0.288751154036 271.35
309.0 247.589605219 2.74828636712 0.289035244945 271.35
310.0 247.410985363 2.75102331318 0.289319335854 271.35
311.0 247.236961532 2.75378103425 0.289603426763 271.35
312.0 247.067489236 2.75655884655 0.289887517672 271.35
313.0 246.902520848 2.75935607513 0.290171608581 271.35
314.0 246.742005767 2.76217205426 0.290455699491 271.35
315.0 246.585890581 2.76500612777 0.2907397904 271.35
316.0 246.434119237 2.76785764946 0.291023881309 271.35
317.0 246.286633205 2.77072598333 0.291307972218 271.35
318.0 246.143371642 2.77361050396 0.291592063127 271.35
319.0 246.004271556 2.77651059672 0.291876154036 271.35
320.0 245.869267974 2.779425658 0.292160244945 271.35
321.0 245.738294096 2.78235509548 0.292444335854 271.35
322.0 245.611281461 2.78529832829 0.292728426763 271.35
323.0 245.4881601 2.78825478717 0.293012517672 271.35
324.0 245.368858692 2.79122391462 0.293296608581 271.35
325.0 245.253304715 2.79420516505 0.293580699491 271.35
326.0 245.141424595 2.79719800483 0.2938647904 271.35
327.0 245.033143851 2.80020191242 0.294148881309 271.35
328.0 244.928387235 2.80321637839 0.294432972218 271.35
329.0 244.82707887 2.80624090548 0.294717063127 271.35
330.0 244.729142383 2.8092750086 0.295001154036 271.35
331.0 244.634501035 2.81231821486 0.295285244945 271.35
332.0 244.543077845 2.81537006352 0.295569335854 271.35
333.0 244.454795707 2.81843010597 0.295853426763 271.35
334.0 244.369577512 2.82149790571 0.296137517672 271.35
335.0 244.287346251 2.82457303823 0.296421608581 271.35
336.0 244.208025127 2.82765509094 0.296705699491 271.35
337.0 244.131537651 2.83074366314 0.2969897904 271.35
338.0 244.057807744 2.83383836582 0.297273881309 271.35
339.0 243.986759822 2.83693882162 0.297557972218 271.35
340.0 243.918318884 2.84004466464 0.297842063127 271.35
341.0 243.852410598 2.84315554035 0.298126154036 271.35
342.0 243.788961369 2.8462711054 0.298410244945 271.35
343.0 243.72789842 2.84939102749 0.298694335854 271.35
344.0 243.669149849 2.85251498515 0.298978426763 271.35
345.0 243.612644702 2.85564266766 0.299262517672 271.35
346.0 243.558313019 2.85877377477 0.299546608581 271.35
347.0 243.506085897 2.86190801655 0.299830699491 271.35
348.0 243.45589553 2.8650451132 0.3001147904 271.35
349.0 243.407675262 2.86818479487 0.300398881309 271.35
350.0 243.361359617 2.87132680139 0.300682972218 271.35
351.0 243.316884342 2.87447088214 0.300967063127 271.35
352.0 243.274186437 2.87761679579 0.301251154036 271.35
353.0 243.23320418 2.88076431008 0.301535244945 271.35
354.0 243.193877154 2.88391320166 0.301819335854 271.35
355.0 243.156146267 2.88706325581 0.302103426763 271.35
356.0 243.119953768 2.89021426626 0.302387517672 271.35
357.0 243.085243261 2.89336603496 0.302671608581 271.35
358.0 243.051959716 2.89651837184 0.302955699491 271.35
359.0 243.020049475 2.89967109465 0.3032397904 271.35
360.0 242.98946026 2.90282402867 0.303523881309 271.35
361.0 242.960141168 2.90597700654 0.303807972218 271.35
362.0 242.932042678 2.90912986803 0.304092063127 271.35
363.0 242.905116642 2.91228245981 0.304376154036 271.35
364.0 242.879316282 2.91543463528 0.304660244945 271.35
