0.0 245.30468499550975 3.0466919415000353 271.34999999999997
1.0 245.30260709424726 3.051419460674446 271.34999999999997
2.0 245.30092108879703 3.056139125970417 271.34999999999997
3.0 245.29964850883297 3.0608508915364414 271.34999999999997
4.0 245.29881197820694 3.0655547071777125 271.34999999999997
5.0 245.29843525517654 3.07025051816008 271.34999999999997
6.0 245.29854327309576 3.0749382650074586 271.34999999999997
7.0 245.29916218149182 3.079617883292676 271.34999999999997
8.0 245.30031938744784 3.0842893034217522 271.34999999999997
9.0 245.30204359720113 3.088952450411621 271.34999999999997
10.0 245.30436485786146 3.09360724366133 271.34999999999997
11.0 245.307314599145 3.098253596716766 271.34999999999997
12.0 245.31092567501256 3.102891417028969 271.34999999999997
13.0 245.31523240509213 3.1075206057061444 271.34999999999997
14.0 245.32027061575823 3.1121410572594654 271.34999999999997
15.0 245.32607768073257 3.116752659342828 271.34999999999997
16.0 245.33269256106072 3.121355292486706 271.34999999999997
17.0 245.34015584431356 3.1259488298263083 271.34999999999997
18.0 245.34850978285107 3.1305331368242535 271.34999999999997
19.0 245.35779833098 3.1351080709880117 271.34999999999997
20.0 245.36806718082687 3.139673481582394 271.34999999999997
21.0 245.37936379673997 3.1442292093374 271.34999999999997
22.0 245.39173744802608 3.1487750861517663 271.34999999999997
23.0 245.4052392398189 3.153310934792598 271.34999999999997
24.0 245.4199221418686 3.1578365685914864 271.34999999999997
25.0 245.43584101503438 3.162351791137575 271.34999999999997
26.0 245.45305263525447 3.1668563959680434 271.34999999999997
27.0 245.47161571476025 3.171350166256543 271.34999999999997
28.0 245.491590920297 3.175832874500143 271.34999999999997
29.0 245.51304088810406 3.180304282205382 271.34999999999997
30.0 245.53603023540583 3.184764139574066 271.34999999999997
31.0 245.56062556815684 3.189212185189496 271.34999999999997
32.0 245.58689548478205 3.193648145703836 271.34999999999997
33.0 245.6149105756492 3.198071735527387 271.34999999999997
34.0 245.64474341800866 3.2024826565205586 271.34999999999997
35.0 245.67646856613317 3.2068805976893833 271.34999999999997
36.0 245.71016253639104 3.2112652348854454 271.34999999999997
37.0 245.74590378698568 3.215636230511143 271.34999999999997
38.0 245.78377269209753 3.219993233231236 271.34999999999997
39.0 245.82385151016607 3.2243358776916726 271.34999999999997
40.0 245.86622434605525 3.2286637842467165 271.34999999999997
41.0 245.9109771068513 3.23297655869544 271.34999999999997
42.0 245.95819745104865 3.2372737920286703 271.34999999999997
43.0 246.00797473088974 3.2415550601875163 271.34999999999997
44.0 246.06039992763417 3.2458199238346217 271.34999999999997
45.0 246.1155655795458 3.250067928139326 271.34999999999997
46.0 246.17356570239963 3.2542986025779275 271.34999999999997
47.0 246.23449570232742 3.25851146075027 271.34999999999997
48.0 246.29845228083738 3.2627060002138863 271.34999999999997
49.0 246.36553333186407 3.266881702336948 271.34999999999997
50.0 246.43583783072603 3.2710380321712744 271.34999999999997
51.0 246.5094657148913 3.275174438346669 271.34999999999997
52.0 246.58651775647778 3.2792903529878337 271.34999999999997
53.0 246.6670954264417 3.2833851916551295 271.34999999999997
54.0 246.75130075043688 3.287458353310425 271.34999999999997
55.0 246.83923615635865 3.291509220309264 271.34999999999997
56.0 246.93100431361927 3.2955371584205735 271.34999999999997
57.0 247.0267079642352 3.2995415168750912 271.34999999999997
58.0 247.12644974584398 3.3035216284436757 271.34999999999997
59.0 247.23033200680456 3.307476809546617 271.34999999999997
60.0 247.3384566135749 3.311406360395024 271.34999999999997
61.0 247.4509247505997 3.315309565165314 271.34999999999997
62.0 247.56783671298285 3.3191856922077863 271.34999999999997
63.0 247.68929169225996 3.323033994290175 271.34999999999997
64.0 247.81538755563 3.3268537088770396 271.34999999999997
65.0 247.94622061904616 3.3306440584457504 271.34999999999997
66.0 248.08188541461027 3.334404250839766 271.34999999999997
67.0 248.22247445275644 3.3381334796597995 271.34999999999997
68.0 248.3680779797527 3.3418309246933875 271.34999999999997
69.0 248.5187837310898 3.3454957523832776 271.34999999999997
70.0 248.6746766813679 3.349127116334939 271.34999999999997
71.0 248.8358387913294 3.3527241578634075 271.34999999999997
72.0 249.00234875272417 3.3562860065795466 271.34999999999997
73.0 249.17428173172905 3.35981178101571 271.34999999999997
74.0 249.35170911167518 3.363300589290649 271.34999999999997
75.0 249.53469823586795 3.3667515298134005 271.34999999999997
76.0 249.72331215131135 3.37016369202576 271.34999999999997
77.0 249.91760935417207 3.373536157182812 271.34999999999997
78.0 250.11764353783929 3.376867999170863 271.34999999999997
79.0 250.32346334445313 3.3801582853619934 271.34999999999997
80.0 250.53511212078575 3.383406077504306 271.34999999999997
81.0 250.75262767936917 3.3866104326468283 271.34999999999997
82.0 250.97604206576494 3.389770404097882 271.34999999999997
83.0 251.20538133287212 3.392885042415622 271.34999999999997
84.0 251.44066532316185 3.3959533964293005 271.34999999999997
85.0 251.68190745971725 3.3989745142897143 271.34999999999997
86.0 251.9291145469404 3.4019474445471536 271.34999999999997
87.0 252.18228658176764 3.404871237255067 271.34999999999997
88.0 252.4414165762084 3.4077449450975537 271.34999999999997
89.0 252.706490391991 3.4105676245386776 271.34999999999997
90.0 252.97748658806424 3.4133383369915222 271.34999999999997
91.0 253.2543762816617 3.4160561500048003 271.34999999999997
92.0 253.53712302359162 3.418720138464762 271.34999999999997
93.0 253.82568268836587 3.42132938581007 271.34999999999997
94.0 254.12000337972734 3.4238829852572565 271.34999999999997
95.0 254.4200253520799 3.4263800410343053 271.34999999999997
96.0 254.7256809482629 3.428819669619881 271.34999999999997
97.0 255.0368945540511 3.4312010009856806 271.34999999999997
98.0 255.35358256969403 3.4335231798393586 271.34999999999997
99.0 255.67565339874156 3.435785366865476 271.34999999999997
100.0 256.0030074543339 3.437986739961905 271.34999999999997
101.0 256.33553718306314 3.440126495469146 271.34999999999997
102.0 256.6731271064433 3.442203849390014 271.34999999999997
103.0 257.01565387995447 3.4442180385971954 271.34999999999997
104.0 257.36298636955667 3.446168322026206 271.34999999999997
105.0 257.71498574549804 3.448053981851328 271.34999999999997
106.0 258.0715055931756 3.4498743246421677 271.34999999999997
107.0 258.432392040738 3.45162868249853 271.34999999999997
108.0 258.7974839030575 3.453316414161395 271.34999999999997
109.0 259.16661284163445 3.4549369060978465 271.34999999999997
110.0 259.53960353994114 3.456489573557907 271.34999999999997
111.0 259.9162738936551 3.4579738616013174 271.34999999999997
112.0 260.29643521518045 3.4593892460924076 271.34999999999997
113.0 260.679892451809 3.4607352346613096 271.34999999999997
114.0 261.0664444168289 3.4620113676298736 271.34999999999997
115.0 261.45588403284927 3.4632172189007657 271.34999999999997
116.0 261.8479985865759 3.4643523968083403 271.34999999999997
117.0 262.2425699942423 3.4654165449300067 271.34999999999997
118.0 262.63937507687547 3.466409342856922 271.34999999999997
119.0 263.03818584455644 3.4673305069229747 271.34999999999997
120.0 263.43876978881906 3.4681797908911425 271.34999999999997
121.0 263.8408901823201 3.468956986596429 271.34999999999997
122.0 264.2443063849075 3.4696619245447082 271.34999999999997
123.0 264.64877415521266 3.470294474466926 271.34999999999997
124.0 265.0540459668939 3.470854545828223 271.34999999999997
125.0 265.4598713286659 3.4713420882916584 271.34999999999997
126.0 265.8659971072609 3.4717570921363308 271.34999999999997
127.0 266.27216785248123 3.4720995886297947 271.34999999999997
128.0 266.67812612352077 3.472369650354774 271.34999999999997
129.0 267.0836128157545 3.472567391490278 271.34999999999997
130.0 267.4883674872191 3.472692968047318 271.34999999999997
131.0 267.8921286840332 3.4727465780595104 271.34999999999997
132.0 268.2946342640373 3.4727284617289347 271.34999999999997
133.0 268.6956217179612 3.4726389015277026 271.34999999999997
134.0 269.0948284874625 3.4724782222557504 271.34999999999997
135.0 269.49199227941193 3.472246791055454 271.34999999999997
136.0 269.8868513758381 3.4719450173837108 271.34999999999997
137.0 270.27914493897913 3.471573352942197 271.34999999999997
138.0 270.6686133109279 3.4711322915665623 271.34999999999997
139.0 271.05499830739194 3.470622369075352 271.34999999999997
140.0 271.43804350512914 3.470044163079511 271.34999999999997
141.0 271.81749452265774 3.469398292753331 271.34999999999997
142.0 272.1930992938735 3.468685418567754 271.34999999999997
143.0 272.5646083342891 3.4679062419869444 271.34999999999997
144.0 272.93177499933756 3.4670615051291147 271.34999999999997
145.0 273.15 3.4659707512983173 271.34999999999997
146.0 273.15 3.4643656403538885 271.34999999999997
147.0 273.15 3.462251675377363 271.34999999999997
148.0 273.15 3.459634764147277 271.34999999999997
149.0 273.15 3.456521217261953 271.34999999999997
150.0 273.15 3.4529177457108675 271.34999999999997
151.0 273.15 3.448831457895521 271.34999999999997
152.0 273.15 3.4442698561018577 271.34999999999997
153.0 273.15 3.439240832427404 271.34999999999997
154.0 273.15 3.433752664167377 271.34999999999997
155.0 273.15 3.427814008665131 271.34999999999997
156.0 273.15 3.421433897633385 271.34999999999997
157.0 273.15 3.4146217309537206 271.34999999999997
158.0 273.15 3.407387269962911 271.34999999999997
159.0 273.15 3.399740630235637 271.34999999999997
160.0 273.15 3.391692273874151 271.34999999999997
161.0 273.15 3.3832530013164184 271.34999999999997
162.0 273.15 3.374433942675194 271.34999999999997
163.0 273.15 3.365246548621399 271.34999999999997
164.0 273.15 3.3557025808260263 271.34999999999997
165.0 273.15 3.345814101975638 271.34999999999997
166.0 273.15 3.335593465377302 271.34999999999997
167.0 273.15 3.325053304169566 271.34999999999997
168.0 273.15 3.314206520156778 271.34999999999997
169.0 273.15 3.303066272284717 271.34999999999997
170.0 273.15 3.2916459647761154 271.34999999999997
171.0 273.15 3.2799592349452356 271.34999999999997
172.0 273.15 3.2680199407111616 271.34999999999997
173.0 273.15 3.25584214782997 271.34999999999997
174.0 273.15 3.2434401168663385 271.34999999999997
175.0 273.15 3.230828289925554 271.34999999999997
176.0 273.15 3.2180212771671814 271.34999999999997
177.0 273.15 3.2050338431219485 271.34999999999997
178.0 273.15 3.1918808928336175 271.34999999999997
179.0 273.15 3.178577457847792 271.34999999999997
180.0 273.15 3.1651386820697303 271.34999999999997
181.0 273.15 3.151579807513321 271.34999999999997
182.0 273.15 3.137916159963395 271.34999999999997
183.0 273.15 3.1241631345735343 271.34999999999997
184.0 273.15 3.1103361814214727 271.34999999999997
185.0 273.15 3.0964507910440666 271.34999999999997
186.0 273.15 3.082522479973663 271.34999999999997
187.0 273.15 3.068566776297489 271.34999999999997
188.0 273.15 3.0545992052614435 271.34999999999997
189.0 273.15 3.040635274939392 271.34999999999997
190.0 273.15 3.026690461988745 271.34999999999997
191.0 273.15 3.01278019751273 271.34999999999997
192.0 273.15 2.9989198530493884 271.34999999999997
193.0 273.15 2.9851247267068826 271.34999999999997
194.0 273.15 2.9714100294642454 271.34999999999997
195.0 273.15 2.957790871656209 271.34999999999997
196.0 273.15 2.944282249660223 271.34999999999997
197.0 273.15 2.9308990328032283 271.34999999999997
198.0 273.15 2.917655950505175 271.34999999999997
199.0 273.15 2.9045675796756747 271.34999999999997
200.0 273.15 2.891648332379558 271.34999999999997
201.0 273.15 2.878912443786467 271.34999999999997
202.0 273.15 2.8663739604189558 271.34999999999997
203.0 273.15 2.8540467287129028 271.34999999999997
204.0 273.15 2.841944383903342 271.34999999999997
205.0 273.15 2.830080339248127 271.34999999999997
206.0 273.15 2.818467775601131 271.34999999999997
207.0 273.15 2.8071196313459614 271.34999999999997
208.0 273.15 2.796048592700447 271.34999999999997
209.0 273.15 2.7852670844014145 271.34999999999997
210.0 273.15 2.7747872607785506 271.34999999999997
211.0 273.15 2.764620997225383 271.34999999999997
212.0 273.15 2.7547798820746983 271.34999999999997
213.0 273.15 2.745275208884958 271.34999999999997
214.0 273.15 2.7361179691435478 271.34999999999997
215.0 273.15 2.7273188453919484 271.34999999999997
216.0 273.15 2.718888204777201 271.34999999999997
217.0 273.15 2.7108360930333055 271.34999999999997
218.0 273.15 2.7031722288954714 271.34999999999997
219.0 273.15 2.695905998949444 271.34999999999997
220.0 273.15 2.689046452917412 271.34999999999997
221.0 273.15 2.682602299381324 271.34999999999997
222.0 273.15 2.676581901943753 271.34999999999997
223.0 273.15 2.6709932758257913 271.34999999999997
224.0 273.15 2.6658440849007836 271.34999999999997
225.0 273.15 2.66114163916209 271.34999999999997
226.0 273.15 2.6568928926224173 271.34999999999997
227.0 273.15 2.65310444164166 271.34999999999997
228.0 273.15 2.6497825236795896 271.34999999999997
229.0 273.15 2.6469330164691476 271.34999999999997
230.0 273.15 2.6445614376055326 271.34999999999997
231.0 273.15 2.6426729445457284 271.34999999999997
232.0 273.15 2.641272335012581 271.34999999999997
233.0 273.09900604384467 2.6403000933621557 271.34999999999997
234.0 272.7648192998171 2.6394060182258214 271.34999999999997
235.0 272.4271206410256 2.6385909979979547 271.34999999999997
236.0 272.08611570756284 2.6378558667848524 271.34999999999997
237.0 271.7420107860036 2.6372014039238385 271.34999999999997
238.0 271.39501263748696 2.636628333564132 271.34999999999997
239.0 271.0453283251393 2.6361373243105946 271.34999999999997
240.0 270.6931650403129 2.6357289889315227 271.34999999999997
241.0 270.338729928033 2.6354038841314504 271.34999999999997
242.0 269.9822299117661 2.6351625103898275 271.34999999999997
243.0 269.62387151767837 2.6350053118662937 271.34999999999997
244.0 269.2638606985523 2.634932676373134 271.34999999999997
245.0 268.9024026575506 2.6349449354153536 271.34999999999997
246.0 268.5397016720166 2.635042364298667 271.34999999999997
247.0 268.1759609175148 2.6352251823055446 271.34999999999997
248.0 267.811382292325 2.635493552939303 271.34999999999997
249.0 267.446166242608 2.635847584236072 271.34999999999997
250.0 267.0805115884749 2.636287329144313 271.34999999999997
251.0 266.7146153511962 2.636812785971405 271.34999999999997
252.0 266.34867258179764 2.6374238988966505 271.34999999999997
253.0 265.98287619129457 2.6381205585499052 271.34999999999997
254.0 265.6174167828256 2.6389026026548614 271.34999999999997
255.0 265.2524824859511 2.639769816735873 271.34999999999997
256.0 264.8882587933868 2.640721934887048 271.34999999999997
257.0 264.5249284004502 2.6417586406021822 271.34999999999997
258.0 264.16267104749716 2.6428795676639623 271.34999999999997
259.0 263.80166336563235 2.644084301090719 271.34999999999997
260.0 263.4420787259769 2.6453723781388754 271.34999999999997
261.0 263.08408709277904 2.646743289359097 271.34999999999997
262.0 262.72785488065097 2.6481964797040245 271.34999999999997
263.0 262.37354481621685 2.6497313496853456 271.34999999999997
264.0 262.0213158044508 2.6513472565778486 271.34999999999997
265.0 261.6713227999839 2.653043515667992 271.34999999999997
266.0 261.3237166836498 2.654819401544426 271.34999999999997
267.0 260.97864414453704 2.6566741494278037 271.34999999999997
268.0 260.63624756780376 2.658606956537145 271.34999999999997
269.0 260.29666492850686 2.6606169834899336 271.34999999999997
270.0 259.9600296916829 2.6627033557330715 271.34999999999997
271.0 259.62647071891024 2.664865165001744 271.34999999999997
272.0 259.29611218156754 2.6671014708032237 271.34999999999997
273.0 258.9690734809907 2.6694113019225805 271.34999999999997
274.0 258.64546917571585 2.6717936579472616 271.34999999999997
275.0 258.32540891597876 2.67424751080747 271.34999999999997
276.0 258.0089973856256 2.6767718063292696 271.34999999999997
277.0 257.6963342515711 2.6793654657973547 271.34999999999997
278.0 257.3875141209212 2.6820273875244176 271.34999999999997
279.0 257.08262650585766 2.6847564484240882 271.34999999999997
280.0 256.7817557963621 2.6875515055844352 271.34999999999997
281.0 256.48498124083534 2.6904113978390694 271.34999999999997
282.0 256.19237693464555 2.693334947332933 271.34999999999997
283.0 255.90401181661846 2.6963209610799197 271.34999999999997
284.0 255.61994967345808 2.6993682325095323 271.34999999999997
285.0 255.34024915206618 2.7024755429998666 271.34999999999997
286.0 255.06496377970393 2.705641663394278 271.34999999999997
287.0 254.79414199191723 2.708865355499192 271.34999999999997
288.0 254.52782716812553 2.712145373560599 271.34999999999997
289.0 254.26605767474985 2.715480465716883 271.34999999999997
290.0 254.00886691573538 2.7188693754257445 271.34999999999997
291.0 253.75628339030212 2.722310842863072 271.34999999999997
292.0 253.5083307577357 2.7258036062917537 271.34999999999997
293.0 253.2650279090118 2.729346403398523 271.34999999999997
294.0 253.0263890450269 2.7329379725970653 271.34999999999997
295.0 252.79242376119117 2.7365770542957324 271.34999999999997
296.0 252.5631371381213 2.7402623921283467 271.34999999999997
297.0 252.33852983815564 2.743992734146694 271.34999999999997
298.0 252.1185982073983 2.747766833973453 271.34999999999997
299.0 251.9033343829863 2.751583451914419 271.34999999999997
300.0 251.69272640526148 2.755441356029032 271.34999999999997
301.0 251.48675833451657 2.7593393231583363 271.34999999999997
302.0 251.28541037197806 2.763276139909632 271.34999999999997
303.0 251.08865898467823 2.7672506035972098 271.34999999999997
304.0 250.89647703386294 2.771261523138687 271.34999999999997
305.0 250.70883390657792 2.775307719906585 271.34999999999997
306.0 250.52569565007127 2.7793880285349095 271.34999999999997
307.0 250.34702510864844 2.7835012976806164 271.34999999999997
308.0 250.1727820626161 2.787646390739962 271.34999999999997
309.0 250.0029233689516 2.79182218651984 271.34999999999997
310.0 249.83740310333718 2.796027579864328 271.34999999999997
311.0 249.67617270320196 2.800261482236754 271.34999999999997
312.0 249.51918111141984 2.804522822257704 271.34999999999997
313.0 249.36637492031784 2.808810546199481 271.34999999999997
314.0 249.21769851565637 2.813123618437611 271.34999999999997
315.0 249.07309422025253 2.8174610218600815 271.34999999999997
316.0 248.9325024369264 2.8218217582350693 271.34999999999997
317.0 248.79586179046152 2.8262048485379947 271.34999999999997
318.0 248.66310926828174 2.8306093332387987 271.34999999999997
319.0 248.53418035956005 2.835034272550411 271.34999999999997
320.0 248.40900919248685 2.839478746639423 271.34999999999997
321.0 248.28752866943972 2.843941855800041 271.34999999999997
322.0 248.16967059981104 2.848422720592435 271.34999999999997
323.0 248.05536583026404 2.8529204819466383 271.34999999999997
324.0 247.9445443722033 2.857434301233197 271.34999999999997
325.0 247.8371355262614 2.861963360301784 271.34999999999997
326.0 247.73306800361877 2.8665068614890337 271.34999999999997
327.0 247.63227004398902 2.8710640275968617 271.34999999999997
328.0 247.53466953011903 2.8756341018425573 271.34999999999997
329.0 247.44019409866766 2.8802163477819436 271.34999999999997
330.0 247.34877124734336 2.884810049206907 271.34999999999997
331.0 247.26032843819573 2.8894145100186046 271.34999999999997
332.0 247.17479319697193 2.894029054077652 271.34999999999997
333.0 247.09209320846375 2.8986530250325924 271.34999999999997
334.0 247.01215640778506 2.9032857861279364 271.34999999999997
335.0 246.9349110675342 2.9079267199930543 271.34999999999997
336.0 246.86028588080956 2.912575228413182 271.34999999999997
337.0 246.78821004005954 2.9172307320837882 271.34999999999997
338.0 246.71861331176075 2.9218926703495294 271.34999999999997
339.0 246.65142610693138 2.9265605009289932 271.34999999999997
340.0 246.58657954749654 2.931233699626409 271.34999999999997
341.0 246.52400552853555 2.9359117600314724 271.34999999999997
342.0 246.46363677644936 2.9405941932084083 271.34999999999997
343.0 246.405406903098 2.9452805273753566 271.34999999999997
344.0 246.34925045596515 2.949970307575143 271.34999999999997
345.0 246.29510296441742 2.9546630953384527 271.34999999999997
346.0 246.24290098213177 2.9593584683403984 271.34999999999997
347.0 246.1925821257731 2.9640560200514363 271.34999999999997
348.0 246.1440851100101 2.968755359383543 271.34999999999997
349.0 246.0973497789629 2.973456110332537 271.34999999999997
350.0 246.05231713418206 2.97815791161738 271.34999999999997
351.0 246.00892935926316 2.9828604163172736 271.34999999999997
352.0 245.96712984120413 2.987563291507303 271.34999999999997
353.0 245.9268631886173 2.9922662178933717 271.34999999999997
354.0 245.88807524691103 2.996968889447108 271.34999999999997
355.0 245.85071311055688 3.001671013041401 271.34999999999997
356.0 245.81472513256156 3.0063723080871823 271.34999999999997
357.0 245.78006093126405 3.0110725061720354 271.34999999999997
358.0 245.74667139457824 3.015771350701172 271.34999999999997
359.0 245.7145086818034 3.020468596541291 271.34999999999997
360.0 245.68352622312372 3.0251640096677885 271.34999999999997
361.0 245.65367871691805 3.0298573668157593 271.34999999999997
362.0 245.6249221250011 3.0345484551352024 271.34999999999997
363.0 245.59721366591478 3.0392370718507977 271.34999999999997
364.0 245.5705118063887 3.0439230239266006 271.34999999999997
