36135.0 241.85070197152635 3.3168206131572493 -0.004261794316919549 271.34999999999997
36136.0 241.85426831284516 3.3198484834143427 -0.004261794316919549 271.34999999999997
36137.0 241.85821728712568 3.3228738180542834 -0.004261794316919549 271.34999999999997
36138.0 241.86257165896353 3.3258965724052123 -0.004261794316919549 271.34999999999997
36139.0 241.86735534310714 3.3289166989923054 -0.004261794316919549 271.34999999999997
36140.0 241.8725934471034 3.3319341474009745 -0.004261794316919549 271.34999999999997
36141.0 241.878312314448 3.334948864135291 -0.004261794316919549 271.34999999999997
36142.0 241.88453956815817 3.337960792471595 -0.004261794316919549 271.34999999999997
36143.0 241.89130415468483 3.3409698723072596 -0.004261794316919549 271.34999999999997
36144.0 241.89863638806654 3.3439760400046117 -0.004261794316919549 271.34999999999997
36145.0 241.90656799422501 3.3469792282299933 -0.004261794316919549 271.34999999999997
36146.0 241.91513215529088 3.3499793657879895 -0.004261794316919549 271.34999999999997
36147.0 241.92436355384095 3.3529763774508377 -0.004261794316919549 271.34999999999997
36148.0 241.9342984169204 3.3559701837830733 -0.004261794316919549 271.34999999999997
36149.0 241.944974559712 3.3589607009614566 -0.004261794316919549 271.34999999999997
36150.0 241.95643142870978 3.361947840590264 -0.004261794316919549 271.34999999999997
36151.0 241.96871014424048 3.364931509512033 -0.004261794316919549 271.34999999999997
36152.0 241.9818535421721 3.3679116096138744 -0.004261794316919549 271.34999999999997
36153.0 241.99590621463454 3.370888037629479 -0.004261794316919549 271.34999999999997
36154.0 242.0109145495738 3.373860684936975 -0.004261794316919549 271.34999999999997
36155.0 242.02692676894597 3.376829437352808 -0.004261794316919549 271.34999999999997
36156.0 242.04399296535294 3.37979417492184 -0.004261794316919549 271.34999999999997
36157.0 242.06216513691126 3.3827547717038913 -0.004261794316919549 271.34999999999997
36158.0 242.08149722013434 3.3857110955569656 -0.004261794316919549 271.34999999999997
36159.0 242.10204512060383 3.388663007917433 -0.004261794316919549 271.34999999999997
36160.0 242.12386674119386 3.3916103635774633 -0.004261794316919549 271.34999999999997
36161.0 242.1470220076065 3.3945530104600383 -0.004261794316919549 271.34999999999997
36162.0 242.17157289096653 3.3974907893918953 -0.004261794316919549 271.34999999999997
36163.0 242.19758342722 3.4004235338747764 -0.004261794316919549 271.34999999999997
36164.0 242.22511973307007 3.403351069855402 -0.004261794316919549 271.34999999999997
36165.0 242.25425001818192 3.4062732154946005 -0.004261794316919549 271.34999999999997
36166.0 242.2850445933803 3.409189780936069 -0.004261794316919549 271.34999999999997
36167.0 242.31757587455925 3.4121005680752647 -0.004261794316919549 271.34999999999997
36168.0 242.35191838202238 3.415005370328954 -0.004261794316919549 271.34999999999997
36169.0 242.38814873496545 3.4179039724059894 -0.004261794316919549 271.34999999999997
36170.0 242.42634564081413 3.4207961500799007 -0.004261794316919549 271.34999999999997
36171.0 242.46658987912923 3.4236816699639245 -0.004261794316919549 271.34999999999997
36172.0 242.50896427979163 3.426560289289136 -0.004261794316919549 271.34999999999997
36173.0 242.55355369518009 3.429431755686351 -0.004261794316919549 271.34999999999997
36174.0 242.600444966063 3.4322958069725304 -0.004261794316919549 271.34999999999997
36175.0 242.64972688092394 3.4351521709424215 -0.004261794316919549 271.34999999999997
36176.0 242.70149012845292 3.4380005651662042 -0.004261794316919549 271.34999999999997
36177.0 242.75582724294077 3.4408406967939493 -0.004261794316919549 271.34999999999997
36178.0 242.8128325423244 3.4436722623677056 -0.004261794316919549 271.34999999999997
36179.0 242.87260205864297 3.4464949476420648 -0.004261794316919549 271.34999999999997
36180.0 242.93523346067954 3.4493084274140795 -0.004261794316919549 271.34999999999997
36181.0 243.00082596857604 3.4521123653634147 -0.004261794316919549 271.34999999999997
36182.0 243.06948026023133 3.4549064139036494 -0.004261794316919549 271.34999999999997
36183.0 243.141298369307 3.457690214045652 -0.004261794316919549 271.34999999999997
36184.0 243.21638357469146 3.46046339527396 -0.004261794316919549 271.34999999999997
36185.0 243.29484028129565 3.463225575437126 -0.004261794316919549 271.34999999999997
36186.0 243.37677389207937 3.465976360652964 -0.004261794316919549 271.34999999999997
36187.0 243.4622906712355 3.46871534522968 -0.004261794316919549 271.34999999999997
36188.0 243.5514975984921 3.471442111603828 -0.004261794316919549 271.34999999999997
36189.0 243.64450221452012 3.474156230296056 -0.004261794316919549 271.34999999999997
36190.0 243.74141245747592 3.476857259885591 -0.004261794316919549 271.34999999999997
36191.0 243.84233649073616 3.479544747004403 -0.004261794316919549 271.34999999999997
36192.0 243.94738252192775 3.482218226351968 -0.004261794316919549 271.34999999999997
36193.0 244.0566586133911 3.4848772207315353 -0.004261794316919549 271.34999999999997
36194.0 244.17027248425873 3.4875212411087793 -0.004261794316919549 271.34999999999997
36195.0 244.28833130437283 3.490149786693684 -0.004261794316919549 271.34999999999997
36196.0 244.4109414803097 3.4927623450464784 -0.004261794316919549 271.34999999999997
36197.0 244.53820843382627 3.4953583922083933 -0.004261794316919549 271.34999999999997
36198.0 244.6702363730839 3.497937392857988 -0.004261794316919549 271.34999999999997
36199.0 244.80712805705951 3.5004988004937134 -0.004261794316919549 271.34999999999997
36200.0 244.9489845535926 3.5030420576433565 -0.004261794316919549 271.34999999999997
36201.0 245.09590499156775 3.505566596100934 -0.004261794316919549 271.34999999999997
36202.0 245.2479863077783 3.508071837191542 -0.004261794316919549 271.34999999999997
36203.0 245.4053229890599 3.51055719206461 -0.004261794316919549 271.34999999999997
36204.0 245.5680068103293 3.5130220620159216 -0.004261794316919549 271.34999999999997
36205.0 245.73612656920614 3.515465838838696 -0.004261794316919549 271.34999999999997
36206.0 245.90976781793597 3.5178879052039402 -0.004261794316919549 271.34999999999997
36207.0 246.0890125933742 3.5202876350702015 -0.004261794316919549 271.34999999999997
36208.0 246.27393914582495 3.5226643941227485 -0.004261794316919549 271.34999999999997
36209.0 246.46462166756262 3.5250175402421355 -0.004261794316919549 271.34999999999997
36210.0 246.66113002189948 3.527346424001993 -0.004261794316919549 271.34999999999997
36211.0 246.86352947368215 3.529650389195801 -0.004261794316919549 271.34999999999997
36212.0 247.07188042212923 3.5319287733922975 -0.004261794316919549 271.34999999999997
36213.0 247.28623813694023 3.534180908519077 -0.004261794316919549 271.34999999999997
36214.0 247.50665249861865 3.5364061214738296 -0.004261794316919549 271.34999999999997
36215.0 247.73316774396432 3.5386037347625656 -0.004261794316919549 271.34999999999997
36216.0 247.9658222176931 3.5407730671640794 -0.004261794316919549 271.34999999999997
36217.0 248.20464813114523 3.542913434419794 -0.004261794316919549 271.34999999999997
36218.0 248.44967132903454 3.5450241499480306 -0.004261794316919549 271.34999999999997
36219.0 248.70091106518092 3.5471045255816493 -0.004261794316919549 271.34999999999997
36220.0 248.95837978815504 3.5491538723279126 -0.004261794316919549 271.34999999999997
36221.0 249.22208293773747 3.5511715011493257 -0.004261794316919549 271.34999999999997
36222.0 249.49201875307108 3.553156723764123 -0.004261794316919549 271.34999999999997
36223.0 249.7681780933505 3.555108853464981 -0.004261794316919549 271.34999999999997
36224.0 250.05054427185607 3.557027205954456 -0.004261794316919549 271.34999999999997
36225.0 250.339092904093 3.558911100195571 -0.004261794316919549 271.34999999999997
36226.0 250.63379177075444 3.5607598592759118 -0.004261794316919549 271.34999999999997
36227.0 250.9346006961666 3.562572811283509 -0.004261794316919549 271.34999999999997
36228.0 251.24147144282352 3.564349290192756 -0.004261794316919549 271.34999999999997
36229.0 251.5543476225541 3.566088636758529 -0.004261794316919549 271.34999999999997
36230.0 251.87316462480047 3.567790199416657 -0.004261794316919549 271.34999999999997
36231.0 252.1978495624196 3.5694533351888404 -0.004261794316919549 271.34999999999997
36232.0 252.52832123534705 3.5710774105900986 -0.004261794316919549 271.34999999999997
36233.0 252.86449011239304 3.5726618025367927 -0.004261794316919549 271.34999999999997
36234.0 253.20625833136214 3.57420589925327 -0.004261794316919549 271.34999999999997
36235.0 253.55351971761556 3.5757091011751774 -0.004261794316919549 271.34999999999997
36236.0 253.90615982111828 3.577170821847469 -0.004261794316919549 271.34999999999997
36237.0 254.26405597193482 3.5785904888151823 -0.004261794316919549 271.34999999999997
36238.0 254.62707735406528 3.5799675445050445 -0.004261794316919549 271.34999999999997
36239.0 254.99508509743612 3.5813014470960205 -0.004261794316919549 271.34999999999997
36240.0 255.36793238778773 3.582591671376936 -0.004261794316919549 271.34999999999997
36241.0 255.7454645941285 3.583837709589364 -0.004261794316919549 271.34999999999997
36242.0 256.1275194133607 3.585039072254 -0.004261794316919549 271.34999999999997
36243.0 256.51392703161093 3.5861952889788187 -0.004261794316919549 271.34999999999997
36244.0 256.9045103017423 3.5873059092473545 -0.004261794316919549 271.34999999999997
36245.0 257.2990849364641 3.5883705031855335 -0.004261794316919549 271.34999999999997
36246.0 257.697459716398 3.5893886623055433 -0.004261794316919549 271.34999999999997
36247.0 258.0994367124148 3.5903600002253073 -0.004261794316919549 271.34999999999997
36248.0 258.50481152150735 3.5912841533622206 -0.004261794316919549 271.34999999999997
36249.0 258.9133735154233 3.592160781599878 -0.004261794316919549 271.34999999999997
36250.0 259.3249061012488 3.5929895689266287 -0.004261794316919549 271.34999999999997
36251.0 259.7391869931033 3.5937702240448637 -0.004261794316919549 271.34999999999997
36252.0 260.1559884940766 3.5945024809500588 -0.004261794316919549 271.34999999999997
36253.0 260.5750777875247 3.595186099478666 -0.004261794316919549 271.34999999999997
36254.0 260.9962172368207 3.5958208658240656 -0.004261794316919549 271.34999999999997
36255.0 261.4191646926494 3.596406593019865 -0.004261794316919549 271.34999999999997
36256.0 261.8436738069304 3.5969431213899483 -0.004261794316919549 271.34999999999997
36257.0 262.26949435245086 3.5974303189647507 -0.004261794316919549 271.34999999999997
36258.0 262.6963725472941 3.5978680818633517 -0.004261794316919549 271.34999999999997
36259.0 263.1240513831621 3.5982563346410545 -0.004261794316919549 271.34999999999997
36260.0 263.552270956698 3.5985950306022145 -0.004261794316919549 271.34999999999997
36261.0 263.9807688029329 3.598884152078173 -0.004261794316919549 271.34999999999997
36262.0 264.4092802300056 3.5991237106702325 -0.004261794316919549 271.34999999999997
36263.0 264.8375386543176 3.599313747457691 -0.004261794316919549 271.34999999999997
36264.0 265.26527593532336 3.5994543331710354 -0.004261794316919549 271.34999999999997
36265.0 265.6922227091769 3.5995455683304707 -0.004261794316919549 271.34999999999997
36266.0 266.1181087204925 3.5995875833500275 -0.004261794316919549 271.34999999999997
36267.0 266.5426631515041 3.5995946280924915 -0.004261794316919549 271.34999999999997
36268.0 266.96561397490825 3.599650543388189 -0.004261794316919549 271.34999999999997
36269.0 267.38668531389806 3.599755115967092 -0.004261794316919549 271.34999999999997
36270.0 267.8056086190163 3.5999081002404107 -0.004261794316919549 271.34999999999997
36271.0 268.2221159909812 3.600109218395785 -0.004261794316919549 271.34999999999997
36272.0 268.63594048307544 3.6003581605315 -0.004261794316919549 271.34999999999997
36273.0 269.0468163977709 3.600654584828992 -0.004261794316919549 271.34999999999997
36274.0 269.4544795771504 3.600998117762815 -0.004261794316919549 271.34999999999997
36275.0 269.8586676867204 3.6013883543472156 -0.004261794316919549 271.34999999999997
36276.0 270.2591204922521 3.6018248584183628 -0.004261794316919549 271.34999999999997
36277.0 270.6555801293198 3.602307162951271 -0.004261794316919549 271.34999999999997
36278.0 271.0477913652458 3.6028347704103787 -0.004261794316919549 271.34999999999997
36279.0 271.43550185319094 3.6034071531327143 -0.004261794316919549 271.34999999999997
36280.0 271.8184623781697 3.604023753742542 -0.004261794316919549 271.34999999999997
36281.0 272.1964270947981 3.604683985596351 -0.004261794316919549 271.34999999999997
36282.0 272.5691537566174 3.6053872332570203 -0.004261794316919549 271.34999999999997
36283.0 272.9364039368637 3.6061328529959695 -0.004261794316919549 271.34999999999997
36284.0 273.15 3.6066954662357995 -0.004261794316919549 271.34999999999997
36285.0 273.15 3.6067577381565155 -0.004261794316919549 271.34999999999997
36286.0 273.15 3.6063266489089134 -0.004261794316919549 271.34999999999997
36287.0 273.15 3.6054095798830703 -0.004261794316919549 271.34999999999997
36288.0 273.15 3.604014309886466 -0.004261794316919549 271.34999999999997
36289.0 273.15 3.602149010767512 -0.004261794316919549 271.34999999999997
36290.0 273.15 3.5998222424893536 -0.004261794316919549 271.34999999999997
36291.0 273.15 3.5970429476599133 -0.004261794316919549 271.34999999999997
36292.0 273.15 3.5938204455252665 -0.004261794316919549 271.34999999999997
36293.0 273.15 3.590164425434506 -0.004261794316919549 271.34999999999997
36294.0 273.15 3.58608493978533 -0.004261794316919549 271.34999999999997
36295.0 273.15 3.5815923964606178 -0.004261794316919549 271.34999999999997
36296.0 273.15 3.5766975507672623 -0.004261794316919549 271.34999999999997
36297.0 273.15 3.57141149688953 -0.004261794316919549 271.34999999999997
36298.0 273.15 3.565745658870134 -0.004261794316919549 271.34999999999997
36299.0 273.15 3.559711781133153 -0.004261794316919549 271.34999999999997
36300.0 273.15 3.5533219185637677 -0.004261794316919549 271.34999999999997
36301.0 273.15 3.5465884261606595 -0.004261794316919549 271.34999999999997
36302.0 273.15 3.5395239482776697 -0.004261794316919549 271.34999999999997
36303.0 273.15 3.5321414074721043 -0.004261794316919549 271.34999999999997
36304.0 273.15 3.524453992977749 -0.004261794316919549 271.34999999999997
36305.0 273.15 3.516475148821331 -0.004261794316919549 271.34999999999997
36306.0 273.15 3.50821856160177 -0.004261794316919549 271.34999999999997
36307.0 273.15 3.4996981479521247 -0.004261794316919549 271.34999999999997
36308.0 273.15 3.4909280417046586 -0.004261794316919549 271.34999999999997
36309.0 273.15 3.4819225807799006 -0.004261794316919549 271.34999999999997
36310.0 273.15 3.472696293820994 -0.004261794316919549 271.34999999999997
36311.0 273.15 3.4632638865949916 -0.004261794316919549 271.34999999999997
36312.0 273.15 3.4536402281830485 -0.004261794316919549 271.34999999999997
36313.0 273.15 3.4438403369817374 -0.004261794316919549 271.34999999999997
36314.0 273.15 3.4338793665379006 -0.004261794316919549 271.34999999999997
36315.0 273.15 3.423772591239614 -0.004261794316919549 271.34999999999997
36316.0 273.15 3.4135353918859392 -0.004261794316919549 271.34999999999997
36317.0 273.15 3.403183241158188 -0.004261794316919549 271.34999999999997
36318.0 273.15 3.3927316890154318 -0.004261794316919549 271.34999999999997
36319.0 273.15 3.3821963480369286 -0.004261794316919549 271.34999999999997
36320.0 273.15 3.3715928787340586 -0.004261794316919549 271.34999999999997
36321.0 273.15 3.3609369748542113 -0.004261794316919549 271.34999999999997
36322.0 273.15 3.3502443486988724 -0.004261794316919549 271.34999999999997
36323.0 273.15 3.3395307164779373 -0.004261794316919549 271.34999999999997
36324.0 273.15 3.3288117837219984 -0.004261794316919549 271.34999999999997
36325.0 273.15 3.3181032307740317 -0.004261794316919549 271.34999999999997
36326.0 273.15 3.3074206983815593 -0.004261794316919549 271.34999999999997
36327.0 273.15 3.2967797734099644 -0.004261794316919549 271.34999999999997
36328.0 273.15 3.286195974697203 -0.004261794316919549 271.34999999999997
36329.0 273.15 3.2756847390697006 -0.004261794316919549 271.34999999999997
36330.0 273.15 3.265261407538704 -0.004261794316919549 271.34999999999997
36331.0 273.15 3.2549412116958516 -0.004261794316919549 271.34999999999997
36332.0 273.15 3.244739260326151 -0.004261794316919549 271.34999999999997
36333.0 273.15 3.234670526255967 -0.004261794316919549 271.34999999999997
36334.0 273.15 3.224749833453026 -0.004261794316919549 271.34999999999997
36335.0 273.15 3.2149918443947847 -0.004261794316919549 271.34999999999997
36336.0 273.15 3.2054110477208875 -0.004261794316919549 271.34999999999997
36337.0 273.15 3.1960217461847282 -0.004261794316919549 271.34999999999997
36338.0 273.15 3.1868380449184626 -0.004261794316919549 271.34999999999997
36339.0 273.15 3.1778738400251063 -0.004261794316919549 271.34999999999997
36340.0 273.15 3.16914280751062 -0.004261794316919549 271.34999999999997
36341.0 273.15 3.1606583925681715 -0.004261794316919549 271.34999999999997
36342.0 273.15 3.1524337992259968 -0.004261794316919549 271.34999999999997
36343.0 273.15 3.144481980369558 -0.004261794316919549 271.34999999999997
36344.0 273.15 3.1368156281479154 -0.004261794316919549 271.34999999999997
36345.0 273.15 3.129447164773487 -0.004261794316919549 271.34999999999997
36346.0 273.15 3.122388733723592 -0.004261794316919549 271.34999999999997
36347.0 273.15 3.115652191351418 -0.004261794316919549 271.34999999999997
36348.0 273.15 3.109249098913284 -0.004261794316919549 271.34999999999997
36349.0 273.15 3.1031907150182985 -0.004261794316919549 271.34999999999997
36350.0 273.15 3.0974879885057733 -0.004261794316919549 271.34999999999997
36351.0 273.15 3.09215155175497 -0.004261794316919549 271.34999999999997
36352.0 273.15 3.087191714431029 -0.004261794316919549 271.34999999999997
36353.0 273.15 3.0826184576701765 -0.004261794316919549 271.34999999999997
36354.0 273.15 3.0784414287065758 -0.004261794316919549 271.34999999999997
36355.0 273.15 3.0746699359424605 -0.004261794316919549 271.34999999999997
36356.0 273.15 3.071312944462475 -0.004261794316919549 271.34999999999997
36357.0 273.15 3.068379071992447 -0.004261794316919549 271.34999999999997
36358.0 273.15 3.0658765853021235 -0.004261794316919549 271.34999999999997
36359.0 273.15 3.0638133970507324 -0.004261794316919549 271.34999999999997
36360.0 273.15 3.062197063073558 -0.004261794316919549 271.34999999999997
36361.0 273.15 3.061034780107083 -0.004261794316919549 271.34999999999997
36362.0 273.15 3.060333383949616 -0.004261794316919549 271.34999999999997
36363.0 273.15 3.060099348053705 -0.004261794316919549 271.34999999999997
36364.0 273.15 3.060338782546049 -0.004261794316919549 271.34999999999997
36365.0 273.15 3.061057433670035 -0.004261794316919549 271.34999999999997
36366.0 272.8594596191524 3.0618130235824834 -0.004261794316919549 271.34999999999997
36367.0 272.51174901779683 3.0625241141853152 -0.004261794316919549 271.34999999999997
36368.0 272.1594591528129 3.063190134181511 -0.004261794316919549 271.34999999999997
36369.0 271.8028043101272 3.0638105387257992 -0.004261794316919549 271.34999999999997
36370.0 271.4420005411176 3.064384809585972 -0.004261794316919549 271.34999999999997
36371.0 271.0772654959454 3.0649124552858122 -0.004261794316919549 271.34999999999997
36372.0 270.70881825377876 3.065393011229368 -0.004261794316919549 271.34999999999997
36373.0 270.33687914996153 3.0658260398063186 -0.004261794316919549 271.34999999999997
36374.0 269.96166960018957 3.0662111304781776 -0.004261794316919549 271.34999999999997
36375.0 269.5834119217833 3.066547899845057 -0.004261794316919549 271.34999999999997
36376.0 269.2023291521483 3.0668359916927557 -0.004261794316919549 271.34999999999997
36377.0 268.81864486453975 3.067075077019906 -0.004261794316919549 271.34999999999997
36378.0 268.43258298125903 3.067264854044942 -0.004261794316919549 271.34999999999997
36379.0 268.04436758442864 3.0674050481926427 -0.004261794316919549 271.34999999999997
36380.0 267.65422272450894 3.067495412060034 -0.004261794316919549 271.34999999999997
36381.0 267.2623722267382 3.0675357253614273 -0.004261794316919549 271.34999999999997
36382.0 266.86903949569387 3.067545655870462 -0.004261794316919549 271.34999999999997
36383.0 266.47444546153895 3.067605994271779 -0.004261794316919549 271.34999999999997
36384.0 266.07880340335237 3.0677168675119875 -0.004261794316919549 271.34999999999997
36385.0 265.6823317997545 3.0678783730883543 -0.004261794316919549 271.34999999999997
36386.0 265.2852478646135 3.0680905792059283 -0.004261794316919549 271.34999999999997
36387.0 264.88776735166033 3.0683535249639835 -0.004261794316919549 271.34999999999997
36388.0 264.49010435899777 3.068667220571764 -0.004261794316919549 271.34999999999997
36389.0 264.09247113381207 3.0690316475934587 -0.004261794316919549 271.34999999999997
36390.0 263.69507787760705 3.069446759222272 -0.004261794316919549 271.34999999999997
36391.0 263.2981325522912 3.069912480583417 -0.004261794316919549 271.34999999999997
36392.0 262.90184068746635 3.070428709065787 -0.004261794316919549 271.34999999999997
36393.0 262.506405189276 3.0709953146819986 -0.004261794316919549 271.34999999999997
36394.0 262.1120261511794 3.071612140456458 -0.004261794316919549 271.34999999999997
36395.0 261.71890066703145 3.072279002841018 -0.004261794316919549 271.34999999999997
36396.0 261.32722264685367 3.0729956921577566 -0.004261794316919549 271.34999999999997
36397.0 260.93718263568934 3.0737619730683248 -0.004261794316919549 271.34999999999997
36398.0 260.54896763593763 3.0745775850692603 -0.004261794316919549 271.34999999999997
36399.0 260.16276093357186 3.075442243012608 -0.004261794316919549 271.34999999999997
36400.0 259.77874192864283 3.0763556376511145 -0.004261794316919549 271.34999999999997
36401.0 259.39708597046723 3.077317436207215 -0.004261794316919549 271.34999999999997
36402.0 259.01796419790696 3.0783272829649633 -0.004261794316919549 271.34999999999997
36403.0 258.64154338513185 3.079384799884009 -0.004261794316919549 271.34999999999997
36404.0 258.26798579325947 3.080489587234659 -0.004261794316919549 271.34999999999997
36405.0 257.8974490282527 3.0816412242530147 -0.004261794316919549 271.34999999999997
36406.0 257.5300859054516 3.082839269815116 -0.004261794316919549 271.34999999999997
36407.0 257.1660443210983 3.084083263128985 -0.004261794316919549 271.34999999999997
36408.0 256.80546713120464 3.085372724443409 -0.004261794316919549 271.34999999999997
36409.0 256.44849203809315 3.0867071557722534 -0.004261794316919549 271.34999999999997
36410.0 256.09525148492673 3.088086041633069 -0.004261794316919549 271.34999999999997
36411.0 255.74587255852154 3.0895088497987073 -0.004261794316919549 271.34999999999997
36412.0 255.40047690071597 3.0909750320606317 -0.004261794316919549 271.34999999999997
36413.0 255.05918062854673 3.0924840250025802 -0.004261794316919549 271.34999999999997
36414.0 254.72209426345796 3.0940352507832136 -0.004261794316919549 271.34999999999997
36415.0 254.3893226697419 3.095628117926351 -0.004261794316919549 271.34999999999997
36416.0 254.06096500238533 3.0972620221173957 -0.004261794316919549 271.34999999999997
36417.0 253.73711466446338 3.098936347004524 -0.004261794316919549 271.34999999999997
36418.0 253.41785927419542 3.100650465003211 -0.004261794316919549 271.34999999999997
36419.0 253.1032806417473 3.102403738102666 -0.004261794316919549 271.34999999999997
36420.0 252.7934547558304 3.1041955186727437 -0.004261794316919549 271.34999999999997
36421.0 252.4884517801184 3.1060251502699083 -0.004261794316919549 271.34999999999997
36422.0 252.18833605947017 3.10789196844084 -0.004261794316919549 271.34999999999997
36423.0 251.89316613591416 3.1097953015222846 -0.004261794316919549 271.34999999999997
36424.0 251.60299477431732 3.111734471435769 -0.004261794316919549 271.34999999999997
36425.0 251.31786899763102 3.113708794475829 -0.004261794316919549 271.34999999999997
36426.0 251.0378301315729 3.1157175820904257 -0.004261794316919549 271.34999999999997
36427.0 250.7629138585729 3.1177601416522593 -0.004261794316919549 271.34999999999997
36428.0 250.4931502807838 3.1198357772197243 -0.004261794316919549 271.34999999999997
36429.0 250.22856399192239 3.1219437902862923 -0.004261794316919549 271.34999999999997
36430.0 249.9691741576858 3.1240834805171582 -0.004261794316919549 271.34999999999997
36431.0 249.71499460445347 3.1262541464720197 -0.004261794316919549 271.34999999999997
36432.0 249.46603391596744 3.12845508631293 -0.004261794316919549 271.34999999999997
36433.0 249.2222955376509 3.130685598496197 -0.004261794316919549 271.34999999999997
36434.0 248.98377788821296 3.132944982447383 -0.004261794316919549 271.34999999999997
36435.0 248.75047447815803 3.1352325392184914 -0.004261794316919549 271.34999999999997
36436.0 248.52237403480584 3.1375475721265085 -0.004261794316919549 271.34999999999997
36437.0 248.29946063340836 3.139889387372527 -0.004261794316919549 271.34999999999997
36438.0 248.08171383393858 3.142257294640732 -0.004261794316919549 271.34999999999997
36439.0 247.86910882311028 3.14465060767661 -0.004261794316919549 271.34999999999997
36440.0 247.66161656117998 3.1470686448437952 -0.004261794316919549 271.34999999999997
36441.0 247.45920393307514 3.149510729659048 -0.004261794316919549 271.34999999999997
36442.0 247.26183390338474 3.1519761913049127 -0.004261794316919549 271.34999999999997
36443.0 247.0694656747453 3.154464365119682 -0.004261794316919549 271.34999999999997
36444.0 246.8820548491549 3.1569745930643496 -0.004261794316919549 271.34999999999997
36445.0 246.69955359174813 3.159506224166318 -0.004261794316919549 271.34999999999997
36446.0 246.52191079656524 3.162058614939663 -0.004261794316919549 271.34999999999997
36447.0 246.3490722538578 3.1646311297818572 -0.004261794316919549 271.34999999999997
36448.0 246.18098081847367 3.167223141346887 -0.004261794316919549 271.34999999999997
36449.0 246.01757657887785 3.1698340308947763 -0.004261794316919549 271.34999999999997
36450.0 245.85879702637257 3.1724631886175807 -0.004261794316919549 271.34999999999997
36451.0 245.7045772240916 3.175110013941981 -0.004261794316919549 271.34999999999997
36452.0 245.554849975357 3.177773915808646 -0.004261794316919549 271.34999999999997
36453.0 245.4095459910029 3.180454312928612 -0.004261794316919549 271.34999999999997
36454.0 245.26859405528117 3.1831506340169433 -0.004261794316919549 271.34999999999997
36455.0 245.13192118998722 3.1858623180040135 -0.004261794316919549 271.34999999999997
36456.0 244.99945281645503 3.188588814224783 -0.004261794316919549 271.34999999999997
36457.0 244.87111291509447 3.1913295825864836 -0.004261794316919549 271.34999999999997
36458.0 244.74682418215932 3.194084093715168 -0.004261794316919549 271.34999999999997
36459.0 244.62650818345512 3.1968518290816146 -0.004261794316919549 271.34999999999997
36460.0 244.5100855047182 3.1996322811071147 -0.004261794316919549 271.34999999999997
36461.0 244.39747589841312 3.2024249532496976 -0.004261794316919549 271.34999999999997
36462.0 244.2885984267217 3.205229360071372 -0.004261794316919549 271.34999999999997
36463.0 244.1833716005131 3.2080450272869943 -0.004261794316919549 271.34999999999997
36464.0 244.08171351410843 3.2108714917953876 -0.004261794316919549 271.34999999999997
36465.0 243.98354197567133 3.213708301693365 -0.004261794316919549 271.34999999999997
36466.0 243.88877463307898 3.2165550162733147 -0.004261794316919549 271.34999999999997
36467.0 243.7973290951463 3.2194112060050193 -0.004261794316919549 271.34999999999997
36468.0 243.70912304809437 3.2222764525024035 -0.004261794316919549 271.34999999999997
36469.0 243.62407436717982 3.2251503484758963 -0.004261794316919549 271.34999999999997
36470.0 243.54210122341067 3.2280324976711086 -0.004261794316919549 271.34999999999997
36471.0 243.46312218530133 3.23092251479453 -0.004261794316919549 271.34999999999997
36472.0 243.38705631563207 3.233820025426941 -0.004261794316919549 271.34999999999997
36473.0 243.31382326319527 3.2367246659252435 -0.004261794316919549 271.34999999999997
36474.0 243.243343349529 3.239636083313412 -0.004261794316919549 271.34999999999997
36475.0 243.17553765065185 3.2425539351632438 -0.004261794316919549 271.34999999999997
36476.0 243.11032807382603 3.2454778894656027 -0.004261794316919549 271.34999999999997
36477.0 243.0476374293937 3.248407624492824 -0.004261794316919549 271.34999999999997
36478.0 242.9873894977402 3.2513428286529464 -0.004261794316919549 271.34999999999997
36479.0 242.9295090914503 3.254283200336422 -0.004261794316919549 271.34999999999997
36480.0 242.87392211273632 3.2572284477559403 -0.004261794316919549 271.34999999999997
36481.0 242.82055560622624 3.26017828877999 -0.004261794316919549 271.34999999999997
36482.0 242.76933780720708 3.263132450760767 -0.004261794316919549 271.34999999999997
36483.0 242.7201981854326 3.266090670357017 -0.004261794316919549 271.34999999999997
36484.0 242.6730674846042 3.2690526933523856 -0.004261794316919549 271.34999999999997
36485.0 242.6278777576483 3.2720182744698283 -0.004261794316919549 271.34999999999997
36486.0 242.5845623979153 3.2749871771826227 -0.004261794316919549 271.34999999999997
36487.0 242.54305616642972 3.2779591735224898 -0.004261794316919549 271.34999999999997
36488.0 242.5032952153281 3.280934043885325 -0.004261794316919549 271.34999999999997
36489.0 242.46521710762562 3.2839115768350133 -0.004261794316919549 271.34999999999997
36490.0 242.42876083344837 3.2868915689057836 -0.004261794316919549 271.34999999999997
36491.0 242.39386682288347 3.2898738244035375 -0.004261794316919549 271.34999999999997
36492.0 242.3604769555851 3.2928581552065648 -0.004261794316919549 271.34999999999997
36493.0 242.32853456729126 3.2958443805660362 -0.004261794316919549 271.34999999999997
36494.0 242.29798445339244 3.2988323269066537 -0.004261794316919549 271.34999999999997
36495.0 242.26877286970662 3.301821827627797 -0.004261794316919549 271.34999999999997
36496.0 242.2408475306025 3.3048127229055098 -0.004261794316919549 271.34999999999997
36497.0 242.2141576046214 3.307804859495631 -0.004261794316919549 271.34999999999997
36498.0 242.18865370774023 3.310798090538362 -0.004261794316919549 271.34999999999997
36499.0 242.16428789442128 3.3137922753645386 -0.004261794316919549 271.34999999999997
