244.38128376961396 3.3198346410549737 271.34999999999997
244.3804393814085 3.3242987940820217 271.34999999999997
244.37997987394314 3.3287562824060153 271.34999999999997
244.3799268577366 3.3332070583804274 271.34999999999997
244.38030303633755 3.337651070366611 271.34999999999997
244.38113224648612 3.3420882625500012 271.34999999999997
244.38243949873225 3.3465185747501636 271.34999999999997
244.38425101843652 3.350941942224664 271.34999999999997
244.38659428707106 3.3553582954667514 271.34999999999997
244.3894980837321 3.3597675599968673 271.34999999999997
244.39299252676668 3.3641696561479946 271.34999999999997
244.397109115411 3.3685644988449006 271.34999999999997
244.40188077132743 3.3729519973773274 271.34999999999997
244.4073418799215 3.3773320551672157 271.34999999999997
244.41352833131054 3.381704569530063 271.34999999999997
244.42047756080882 3.386069431430544 271.34999999999997
244.42822858878458 3.390426525232543 271.34999999999997
244.43682205973616 3.3947757284437707 271.34999999999997
244.44630028042752 3.399116911455173 271.34999999999997
244.456707256912 3.403449937275352 271.34999999999997
244.46808873026816 3.4077746612602655 271.34999999999997
244.48049221086072 3.4120909308384832 271.34999999999997
244.49396701093227 3.4163985852323253 271.34999999999997
244.50856427532395 3.420697455175228 271.34999999999997
244.5243370101139 3.4249873626257186 271.34999999999997
244.54134010895643 3.429268120478421 271.34999999999997
244.55963037689628 3.433539532272536 271.34999999999997
244.57926655142572 3.4378013918982857 271.34999999999997
244.60030932054664 3.4420534833018452 271.34999999999997
244.62282133759203 3.446295580189317 271.34999999999997
244.64686723255764 3.450527445730349 271.34999999999997
244.67251361968903 3.454748832262024 271.34999999999997
244.69982910106478 3.4589594809936974 271.34999999999997
244.72888426591433 3.4631591217134883 271.34999999999997
244.75975168540592 3.4673474724971745 271.34999999999997
244.79250590263837 3.4715242394202734 271.34999999999997
244.82722341757156 3.4756891162741343 271.34999999999997
244.86398266662852 3.479841784286898 271.34999999999997
244.90286399670728 3.4839819118502207 271.34999999999997
244.94394963334065 3.4881091542526916 271.34999999999997
244.98732364274875 3.4922231534209103 271.34999999999997
245.0330718875344 3.4963235376692183 271.34999999999997
245.0812819757787 3.500409921459114 271.34999999999997
245.1320432033036 3.5044819051694045 271.34999999999997
245.18544648887868 3.5085390748781875 271.34999999999997
245.24158430216204 3.5125810021577593 271.34999999999997
245.3005505841791 3.51660724388359 271.34999999999997
245.3624406601592 3.52061734205851 271.34999999999997
245.427351144568 3.5246108236532785 271.34999999999997
245.49537983819286 3.528587200464705 271.34999999999997
245.56662561716024 3.532545968992525 271.34999999999997
245.6411883137884 3.5364866103362074 271.34999999999997
245.71916858920267 3.540408590112901 271.34999999999997
245.8006677976692 3.544311358397705 271.34999999999997
245.88578784263177 3.5481943496874453 271.34999999999997
245.97463102446727 3.5520569828891317 271.34999999999997
246.06729988000833 3.5558986613342416 271.34999999999997
246.1638970139156 3.559718772819967 271.34999999999997
246.2645249220189 3.563516689678518 271.34999999999997
246.36928580678315 3.5672917688755548 271.34999999999997
246.47828138509436 3.5710433521387697 271.34999999999997
246.5916126885995 3.574770766117604 271.34999999999997
246.7093798568775 3.578473322575027 271.34999999999997
246.83168192375695 3.5821503186122476 271.34999999999997
246.95861659714086 3.58580103692717 271.34999999999997
247.09028003274003 3.589424746107327 271.34999999999997
247.22676660215913 3.593020700957964 271.34999999999997
247.36816865582296 3.5965881428658433 271.34999999999997
247.51457628127022 3.600126300199279 271.34999999999997
247.6660770573861 3.6036343887447995 271.34999999999997
247.82275580518146 3.607111612180746 271.34999999999997
247.98469433576858 3.610557162588019 271.34999999999997
248.1519711962173 3.6139702209980693 271.34999999999997
248.32466141401244 3.617349957978122 271.34999999999997
248.50283624086467 3.620695534253518 271.34999999999997
248.68656289665677 3.6240061013669234 271.34999999999997
248.87590431433495 3.627280802374057 271.34999999999997
249.07091888657777 3.6305187725754426 271.34999999999997
249.27166021509473 3.633719140283593 271.34999999999997
249.4781768634238 3.6368810276248844 271.34999999999997
249.690512114108 3.6400035513752775 271.34999999999997
249.90870373113944 3.643085823828896 271.34999999999997
250.132783728562 3.6461269536983676 271.34999999999997
250.3627781461225 3.649126047045701 271.34999999999997
250.59870683285357 3.6520822082423505 271.34999999999997
250.84058323945936 3.654994540957014 271.34999999999997
251.08841422036093 3.6578621491695875 271.34999999999997
251.34219984623385 3.660684138209594 271.34999999999997
251.60193322784684 3.663459615817304 271.34999999999997
251.8676003519773 3.666187693225665 271.34999999999997
252.1391799301442 3.6688674862610657 271.34999999999997
252.41664326085822 3.6714981164608753 271.34999999999997
252.69995410604355 3.67407871220563 271.34999999999997
252.9890685822362 3.6766084098636576 271.34999999999997
253.28393506711154 3.6790863549458788 271.34999999999997
253.58449412183577 3.6815117032684737 271.34999999999997
253.8906784296764 3.6838836221210505 271.34999999999997
254.2024127512448 3.686201291437934 271.34999999999997
254.51961389667673 3.688463904970153 271.34999999999997
254.84219071499194 3.6906706714557096 271.34999999999997
255.17004410080264 3.6928208157856885 271.34999999999997
255.5030670184733 3.6949135801637953 271.34999999999997
255.8411445437619 3.6969482252569055 271.34999999999997
256.18415392290353 3.6989240313342453 271.34999999999997
256.5319646490267 3.7008402993928597 271.34999999999997
256.8844385557241 3.7026963522670586 271.34999999999997
257.24142992753156 3.7044915357195936 271.34999999999997
257.6027856270029 3.7062252195123757 271.34999999999997
257.96834523800504 3.7078967984546125 271.34999999999997
258.3379412247971 3.7095056934263213 271.34999999999997
258.71139910639835 3.7110513523752577 271.34999999999997
259.0885376456969 3.712533251285389 271.34999999999997
259.46916905269757 3.713950895115136 271.34999999999997
259.8530992012645 3.71530381870371 271.34999999999997
260.2401278586673 3.7165915876439772 271.34999999999997
260.6300489272038 3.7178137991203815 271.34999999999997
261.02265069713866 3.7189700827105847 271.34999999999997
261.4177161101662 3.7200601011495857 271.34999999999997
261.8150230325841 3.7210835510551963 271.34999999999997
262.21434453734224 3.7220401636138725 271.34999999999997
262.615449194119 3.7229297052260173 271.34999999999997
263.01810136656337 3.7237519781099815 271.34999999999997
263.42206151584014 3.7245068208641112 271.34999999999997
263.8270865096093 3.725194108986304 271.34999999999997
264.2329299355774 3.7258137553506434 271.34999999999997
264.6393424187646 3.7263657106407995 271.34999999999997
265.04607194164106 3.7268499637399803 271.34999999999997
265.4528641663028 3.727266542077333 271.34999999999997
265.85946275787364 3.727615511930782 271.34999999999997
266.265609708342 3.7278969786863967 271.34999999999997
266.671045660065 3.7281110870544656 271.34999999999997
267.0755102281985 3.7282580212425427 271.34999999999997
267.4787423213419 3.728338005085813 271.34999999999997
267.8804804597155 3.7283513021352013 271.34999999999997
268.2804630902229 3.7282982157037146 271.34999999999997
268.6784288977836 3.7281790888715816 271.34999999999997
269.0741171123556 3.7279943044508075 271.34999999999997
269.46726781110743 3.7277442849098184 271.34999999999997
269.85762221522924 3.7274294922589184 271.34999999999997
270.2449229809171 3.727050427897333 271.34999999999997
270.6289144840966 3.726607632422641 271.34999999999997
271.00934309848935 3.726101685403441 271.34999999999997
271.38595746666755 3.725533205116121 271.34999999999997
271.75850876377064 3.724902848246628 271.34999999999997
272.12675095360055 3.724211309558154 271.34999999999997
272.49044103684275 3.7234593215256666 271.34999999999997
272.84933929122496 3.722647653938225 271.34999999999997
273.15 3.720844996717883 271.34999999999997
273.15 3.7185355022393036 271.34999999999997
273.15 3.715725708359189 271.34999999999997
273.15 3.7124225579498145 271.34999999999997
273.15 3.708633395645309 271.34999999999997
273.15 3.704365964030301 271.34999999999997
273.15 3.699628399274658 271.34999999999997
273.15 3.6944292262191727 271.34999999999997
273.15 3.6887773529181738 271.34999999999997
273.15 3.682682064646135 271.34999999999997
273.15 3.6761530173764427 271.34999999999997
273.15 3.669200230741546 271.34999999999997
273.15 3.6618340804847413 271.34999999999997
273.15 3.6540652904148656 271.34999999999997
273.15 3.6459049238761327 271.34999999999997
273.15 3.637364374746313 271.34999999999997
273.15 3.6284553579773484 271.34999999999997
273.15 3.6191898996933802 271.34999999999997
273.15 3.6095803268619915 271.34999999999997
273.15 3.5996392565552653 271.34999999999997
273.15 3.589379584817999 271.34999999999997
273.15 3.578814475161124 271.34999999999997
273.15 3.5679573466990355 271.34999999999997
273.15 3.5568218619501417 271.34999999999997
273.15 3.5454219143205083 271.34999999999997
273.15 3.5337716152909766 271.34999999999997
273.15 3.5218852813285952 271.34999999999997
273.15 3.509777420543619 271.34999999999997
273.15 3.4974627191136762 271.34999999999997
273.15 3.4849560274970144 271.34999999999997
273.15 3.472272346456991 271.34999999999997
273.15 3.459426812920167 271.34999999999997
273.15 3.4464346856905244 271.34999999999997
273.15 3.433311331042412 271.34999999999997
273.15 3.4200722082148856 271.34999999999997
273.15 3.406732854830096 271.34999999999997
273.15 3.3933088722583387 271.34999999999997
273.15 3.3798159109522676 271.34999999999997
273.15 3.3662696557726424 271.34999999999997
273.15 3.352685811327779 271.34999999999997
273.15 3.3390800873486435 271.34999999999997
273.15 3.325468184121251 271.34999999999997
273.15 3.3118657779977063 271.34999999999997
273.15 3.2982885070068746 271.34999999999997
273.15 3.284751956585265 271.34999999999997
273.15 3.2712716454482837 271.34999999999997
273.15 3.257863011621539 271.34999999999997
273.15 3.2445413986513927 271.34999999999997
273.15 3.231322042013411 271.34999999999997
273.15 3.2182200557368126 271.34999999999997
273.15 3.2052504192624327 271.34999999999997
273.15 3.1924279645511056 271.34999999999997
273.15 3.1797673634587342 271.34999999999997
273.15 3.167283115393671 271.34999999999997
273.15 3.1549895352713504 271.34999999999997
273.15 3.1429007417804358 271.34999999999997
273.15 3.1310306459740316 271.34999999999997
273.15 3.1193929401987983 271.34999999999997
273.15 3.1080010873740798 271.34999999999997
273.15 3.096868310632418 271.34999999999997
273.15 3.0860075833320795 271.34999999999997
273.15 3.0754316194514706 271.34999999999997
273.15 3.0651528643745714 271.34999999999997
273.15 3.055183486075748 271.34999999999997
273.15 3.0455353667115546 271.34999999999997
273.15 3.03622009462638 271.34999999999997
273.15 3.027248956778036 271.34999999999997
273.15 3.0186329315886287 271.34999999999997
273.15 3.010382682225324 271.34999999999997
273.15 3.0025085503148583 271.34999999999997
273.15 2.995020550094928 271.34999999999997
273.15 2.9879283630048614 271.34999999999997
273.15 2.9812413327172598 271.34999999999997
273.15 2.9749684606115983 271.34999999999997
273.15 2.9691184016900776 271.34999999999997
273.15 2.9636994609353398 271.34999999999997
273.15 2.958719590109 271.34999999999997
273.15 2.954186384989287 271.34999999999997
273.15 2.950107083045448 271.34999999999997
273.15 2.946488561545963 271.34999999999997
273.15 2.9433373360969926 271.34999999999997
273.15 2.9406595596068996 271.34999999999997
273.15 2.938461021672123 271.34999999999997
273.15 2.9367471483791108 271.34999999999997
273.1143358922862 2.9358129011928815 271.34999999999997
272.78581478009824 2.934947775731473 271.34999999999997
272.4532506675668 2.9341526738645207 271.34999999999997
272.11684858785935 2.933428450122509 271.34999999999997
271.776814743378 2.932775911186101 271.34999999999997
271.4333563360306 2.932195815425374 271.34999999999997
271.08668139617 2.93168887249003 271.34999999999997
270.7369986095955 2.9312557429517243 271.34999999999997
270.3845171430064 2.930897037999516 271.34999999999997
270.02944646799625 2.9306133191893635 271.34999999999997
269.671996183733 2.930405098248505 271.34999999999997
269.3123758384797 2.930272836935449 271.34999999999997
268.95079475012216 2.930216946956221 271.34999999999997
268.587461825882 2.930237789937382 271.34999999999997
268.2225853814053 2.9303356774562443 271.34999999999997
267.8563729594291 2.9305108711285826 271.34999999999997
267.4890311482376 2.93076358275403 271.34999999999997
267.1207654001339 2.9310939745192206 271.34999999999997
266.7517798501626 2.9315021592586232 271.34999999999997
266.3822771353284 2.931988200772887 271.34999999999997
266.0124582145685 2.9325521142043836 271.34999999999997
265.6425221897443 2.933193866469516 271.34999999999997
265.27266612792766 2.9339133767472263 271.34999999999997
264.9030848852659 2.934710517023008 271.34999999999997
264.5339709327161 2.935585112687603 271.34999999999997
264.1655141839482 2.936536943189434 271.34999999999997
263.79790182572077 2.9375657427396917 271.34999999999997
263.431318151038 2.938671201068885 271.34999999999997
263.06594439540277 2.9398529642335203 271.34999999999997
262.7019585764801 2.9411106354714796 271.34999999999997
262.33953533748974 2.9424437761045277 271.34999999999997
261.97884579464653 2.943851906486287 271.34999999999997
261.62005738896363 2.9453345069938957 271.34999999999997
261.26333374273605 2.9468910190614688 271.34999999999997
260.90883452101434 2.948520846253384 271.34999999999997
260.5567152983747 2.9502233553753143 271.34999999999997
260.2071274312865 2.951997877620855 271.34999999999997
259.86021793636814 2.9538437097515016 271.34999999999997
259.51612937481417 2.9557601153076645 271.34999999999997
259.17499974326586 2.957746325848349 271.34999999999997
258.83696237138474 2.9598015422170536 271.34999999999997
258.5021458263751 2.9619249358314033 271.34999999999997
258.1706738246867 2.964115649993983 271.34999999999997
257.8426651511125 2.9663728012218047 271.34999999999997
257.51823358547955 2.9686954805918067 271.34999999999997
257.19748783711026 2.9710827550997774 271.34999999999997
256.88053148721445 2.9735336690300715 271.34999999999997
256.56746293934964 2.976047245333493 271.34999999999997
256.25837537806547 2.978622487010717 271.34999999999997
255.95335673582707 2.9812583784986466 271.34999999999997
255.6524896682865 2.9839538870571105 271.34999999999997
255.35585153795023 2.986707964153347 271.34999999999997
255.06351440626338 2.9895195468417524 271.34999999999997
254.7755450341094 2.992387559136417 271.34999999999997
254.4920048906968 2.9953109133740257 271.34999999999997
254.21295017078106 2.998288511564758 271.34999999999997
253.93843182014348 3.0013192467288934 271.34999999999997
253.6684955692255 3.004402004216889 271.34999999999997
253.40318197479144 3.0075356630107897 271.34999999999997
253.14252646946792 3.010719097004903 271.34999999999997
252.88655941898807 3.013951176263765 271.34999999999997
252.63530618694094 3.017230768255517 271.34999999999997
252.38878720680933 3.0205567390589128 271.34999999999997
252.14701806105577 3.0239279545422724 271.34999999999997
251.9100095669968 3.0273432815128096 271.34999999999997
251.67776786918776 3.0308015888348674 271.34999999999997
251.4502945380228 3.0343017485156993 271.34999999999997
251.22758667423747 3.0378426367575595 271.34999999999997
251.0096370189887 3.041423134974965 271.34999999999997
250.7964340691717 3.0450421307761166 271.34999999999997
250.58796219762337 3.0486985189075755 271.34999999999997
250.3842017778505 3.05239120216141 271.34999999999997
250.18512931291315 3.056119092244141 271.34999999999997
249.99071756808718 3.059881110606925 271.34999999999997
249.80093570692338 3.0636761892365265 271.34999999999997
249.61574943031894 3.06750327140675 271.34999999999997
249.43512111821295 3.0713613123900916 271.34999999999997
249.25900997351948 3.0752492801294986 271.34999999999997
249.08737216791127 3.079166155870205 271.34999999999997
248.9201609890707 3.0831109347517307 271.34999999999997
248.7573269890287 3.087082626360212 271.34999999999997
248.5988181332183 3.0910802552413337 271.34999999999997
248.44457994987548 3.0951028613742184 271.34999999999997
248.2945556794298 3.099149500606706 271.34999999999997
248.14868642353557 3.1032192450525495 271.34999999999997
248.00691129340493 3.1073111834511167 271.34999999999997
247.86916755711735 3.1114244214902613 271.34999999999997
247.73539078559025 3.115558082093098 271.34999999999997
247.605514996911 3.1197113056694694 271.34999999999997
247.47947279874373 3.123883250332954 271.34999999999997
247.3571955285389 3.1280730920843145 271.34999999999997
247.23861339129044 3.132280024962333 271.34999999999997
247.12365559459866 3.136503261163021 271.34999999999997
247.01225048081636 3.140742031128229 271.34999999999997
246.90432565606957 3.144995583604712 271.34999999999997
246.7998081159621 3.149263185674741 271.34999999999997
246.69862436779013 3.153544122759362 271.34999999999997
246.6007005491095 3.1578376985954377 271.34999999999997
246.50596254251437 3.1621432351876106 271.34999999999997
246.41433608650445 3.1664600727363394 271.34999999999997
246.3257468823321 3.1707875695431733 271.34999999999997
246.24012069673861 3.1751251018944227 271.34999999999997
246.15738346050347 3.179472063924392 271.34999999999997
246.07746136274625 3.1838278674593297 271.34999999999997
246.00028094093648 3.1881919418432485 271.34999999999997
245.92576916657885 3.1925637337467565 271.34999999999997
245.85385352655868 3.196942706960025 271.34999999999997
245.78446210014224 3.2013283421710086 271.34999999999997
245.71752363164157 3.2057201367300032 271.34999999999997
245.65296759876492 3.210117604401625 271.34999999999997
245.59072427668488 3.214520275105253 271.34999999999997
245.53072479786775 3.2189276946449623 271.34999999999997
245.4729012077173 3.223339424429952 271.34999999999997
245.41718651609617 3.2277550411864326 271.34999999999997
245.36351474479525 3.232174136661925 271.34999999999997
245.31182097103223 3.2365963173228733 271.34999999999997
245.26204136706488 3.2410212040464623 271.34999999999997
245.214113236013 3.245448431807484 271.34999999999997
245.16797504398906 3.2498776493610757 271.34999999999997
245.12356644864192 3.2543085189221044 271.34999999999997
245.08082832422355 3.2587407158419595 271.34999999999997
245.0397027832925 3.2631739282834626 271.34999999999997
245.00013319517137 3.2676078568945806 271.34999999999997
244.9620642012785 3.272042214481591 271.34999999999997
244.92544172745608 3.2764767256823135 271.34999999999997
244.89021299341968 3.280911126639992 271.34999999999997
244.85632651945423 3.285345164678375 271.34999999999997
244.82373213048308 3.289778597978508 271.34999999999997
244.79238095763733 3.294211195257726 271.34999999999997
244.7622254374516 3.2986427354512946 271.34999999999997
244.73321930881303 3.30307300739712 271.34999999999997
244.70531760778871 3.3075018095239233 271.34999999999997
244.6784766604557 3.311928949543232 271.34999999999997
244.65265407385667 3.3163542441455283 271.34999999999997
