1.0 241.86800590632222 2.8170806711738625 0.3127545181359478 271.34999999999997
2.0 241.86888964234186 2.8201385592016086 0.31303229591372556 271.34999999999997
3.0 241.87008490627667 2.8231926905428555 0.313310073691503 271.34999999999997
4.0 241.8716099970021 2.8262430349470073 0.31358785146928075 271.34999999999997
5.0 241.87348415216178 2.8292895599114614 0.3138656292470585 271.34999999999997
6.0 241.87572758414592 2.8323322305726926 0.31414340702483623 271.34999999999997
7.0 241.87836151660966 2.8353710095934668 0.314421184802614 271.34999999999997
8.0 241.88140822148077 2.8384058570461446 0.3146989625803916 271.34999999999997
9.0 241.88489105639508 2.8414367302920462 0.31497674035816936 271.34999999999997
10.0 241.88883450248898 2.844463583856858 0.3152545181359471 271.34999999999997
11.0 241.89326420248068 2.8474863693020698 0.3155322959137249 271.34999999999997
12.0 241.89820699895623 2.8505050350924392 0.31581007369150266 271.34999999999997
13.0 241.90369097277684 2.853519526459494 0.3160878514692804 271.34999999999997
14.0 241.90974548151348 2.8565297852610905 0.31636562924705813 271.34999999999997
15.0 241.91640119780868 2.8595357498370557 0.3166434070248359 271.34999999999997
16.0 241.92369014755928 2.862537354860966 0.31692118480261366 271.34999999999997
17.0 241.93164574780658 2.865534531188108 0.3171989625803914 271.34999999999997
18.0 241.94030284421117 2.8685272056996998 0.31747674035816914 271.34999999999997
19.0 241.9496977479847 2.871515301143457 0.3177545181359467 271.34999999999997
20.0 241.95986827214304 2.874498735970599 0.31803229591372434 271.34999999999997
21.0 241.9708537669352 2.8774774241694225 0.3183100736915021 271.34999999999997
22.0 241.98269515429922 2.880451275095566 0.31858785146927976 271.34999999999997
23.0 241.9954349611852 2.883420193299125 0.3188656292470575 271.34999999999997
24.0 242.00911735157868 2.886384078348781 0.3191434070248353 271.34999999999997
25.0 242.02378815705302 2.8893428246531427 0.31942118480261306 271.34999999999997
26.0 242.03949490566853 2.8922963212795016 0.31969896258039066 271.34999999999997
27.0 242.05628684903147 2.895244451770231 0.3199767403581684 271.34999999999997
28.0 242.07421498731702 2.8981870939570857 0.3202545181359462 271.34999999999997
29.0 242.09333209205937 2.901124119773671 0.32053229591372395 271.34999999999997
30.0 242.11369272649608 2.904055395066372 0.3208100736915017 271.34999999999997
31.0 242.13535326325783 2.9069807794040727 0.3210878514692795 271.34999999999997
32.0 242.1583718991846 2.909900125886989 0.32136562924705714 271.34999999999997
33.0 242.18280866704328 2.912813280954995 0.3216434070248349 271.34999999999997
34.0 242.20872544392023 2.9157200841958213 0.32192118480261245 271.34999999999997
35.0 242.23618595605856 2.918620368153542 0.3221989625803902 271.34999999999997
36.0 242.2652557799024 2.921513958137786 0.322476740358168 271.34999999999997
37.0 242.2960023391158 2.924400672034131 0.3227545181359457 271.34999999999997
38.0 242.3284948973344 2.9272803201161692 0.3230322959137234 271.34999999999997
39.0 242.3628045464127 2.9301527048597524 0.32331007369150117 271.34999999999997
40.0 242.39900418992858 2.933017620759946 0.32358785146927893 271.34999999999997
41.0 242.43716852170766 2.9358748541512565 0.3238656292470567 271.34999999999997
42.0 242.4773739991332 2.938724183031703 0.3241434070248343 271.34999999999997
43.0 242.519698811011 2.9415653768913423 0.32442118480261206 271.34999999999997
44.0 242.56422283976164 2.944398196545868 0.32469896258038977 271.34999999999997
45.0 242.61102761772358 2.947222393975927 0.32497674035816754 271.34999999999997
46.0 242.6601962773513 2.9500377121728216 0.3252545181359453 271.34999999999997
47.0 242.71181349510852 2.9528438849912773 0.32553229591372296 271.34999999999997
48.0 242.76596542886125 2.955640637009976 0.3258100736915007 271.34999999999997
49.0 242.82273964859118 2.958427683400575 0.3260878514692784 271.34999999999997
50.0 242.88222506026293 2.9612047298059347 0.32636562924705603 271.34999999999997
51.0 242.94451182269128 2.9639714722283035 0.3266434070248338 271.34999999999997
52.0 243.0096912572746 2.9667275969282096 0.32692118480261156 271.34999999999997
53.0 243.07785575047814 2.969472780334819 0.32719896258038933 271.34999999999997
54.0 243.14909864896916 2.972206688968529 0.3274767403581671 271.34999999999997
55.0 243.22351414732964 2.9749289793765623 0.32775451813594486 271.34999999999997
56.0 243.30119716829614 2.9776392980823387 0.32803229591372235 271.34999999999997
57.0 243.38224323550003 2.980337281549382 0.3283100736915001 271.34999999999997
58.0 243.46674833870645 2.983022556160533 0.3285878514692779 271.34999999999997
59.0 243.55480879158486 2.985694738213219 0.3288656292470556 271.34999999999997
60.0 243.64652108206536 2.9883534339315245 0.3291434070248333 271.34999999999997
61.0 243.74198171537225 2.9909982394957857 0.32942118480261107 271.34999999999997
62.0 243.8412870498559 2.9936287410904243 0.32969896258038883 271.34999999999997
63.0 243.9445331257786 2.9962445149707038 0.3299767403581665 271.34999999999997
64.0 244.05181548724366 2.9988451275490697 0.33025451813594414 271.34999999999997
65.0 244.16322899749332 3.0014301355017086 0.3305322959137218 271.34999999999997
66.0 244.2788676478373 3.0039990858959227 0.3308100736914995 271.34999999999997
67.0 244.39882436051008 3.006551516338881 0.3310878514692772 271.34999999999997
68.0 244.52319078579268 3.009086955148272 0.331365629247055 271.34999999999997
69.0 244.6520570937712 3.011604921545331 0.3316434070248325 271.34999999999997
70.0 244.78551176114422 3.014104925870674 0.3319211848026103 271.34999999999997
71.0 244.923641353522 3.0165864698233125 0.33219896258038806 271.34999999999997
72.0 245.06653030370734 3.0190490467231723 0.3324767403581658 271.34999999999997
73.0 245.21426068647057 3.0214921417973777 0.33275451813594353 271.34999999999997
74.0 245.3669119903773 3.023915232490503 0.33303229591372113 271.34999999999997
75.0 245.5245608872531 3.026317788798926 0.3333100736914988 271.34999999999997
76.0 245.68728099990454 3.0286992736293503 0.33358785146927644 271.34999999999997
77.0 245.8551426687449 3.0310591431814946 0.3338656292470541 271.34999999999997
78.0 246.0282127179995 3.033396847354869 0.3341434070248317 271.34999999999997
79.0 246.2065542221921 3.0357118301794905 0.33442118480260946 271.34999999999997
80.0 246.39022627363394 3.038003530270307 0.33469896258038717 271.34999999999997
81.0 246.57928375166085 3.0402713813050215 0.3349767403581648 271.34999999999997
82.0 246.77377709437334 3.042514812524932 0.3352545181359426 271.34999999999997
83.0 246.97375207365363 3.044733249258316 0.33553229591372036 271.34999999999997
84.0 247.1792495742399 3.046926113465819 0.3358100736914981 271.34999999999997
85.0 247.39030537764268 3.0490928243072086 0.3360878514692759 271.34999999999997
86.0 247.6069499516918 3.051232798728797 0.33636562924705365 271.34999999999997
87.0 247.82920824649727 3.0533454520707366 0.3366434070248313 271.34999999999997
88.0 248.05709949760342 3.0554301986933265 0.3369211848026091 271.34999999999997
89.0 248.2906370371004 3.0574864526213923 0.33719896258038684 271.34999999999997
90.0 248.52982811344688 3.05951362820572 0.3374767403581646 271.34999999999997
91.0 248.77467372073218 3.0615111408004627 0.3377545181359423 271.34999999999997
92.0 249.02516843808735 3.063478407455369 0.3380322959137199 271.34999999999997
93.0 249.28130027992236 3.0654148476216116 0.3383100736914977 271.34999999999997
94.0 249.54305055763646 3.0673198838699456 0.33858785146927545 271.34999999999997
95.0 249.81039375341288 3.069192942619858 0.3388656292470532 271.34999999999997
96.0 250.08329740666633 3.071033454878331 0.339143407024831 271.34999999999997
97.0 250.36172201367137 3.072840856986784 0.33942118480260863 271.34999999999997
98.0 250.64562094085122 3.0746145913747283 0.3396989625803864 271.34999999999997
99.0 250.9349403521562 3.076354107318624 0.3399767403581638 271.34999999999997
100.0 251.22961915091165 3.078058861704409 0.3402545181359415 271.34999999999997
101.0 251.52958893645408 3.0797283197921357 0.3405322959137191 271.34999999999997
102.0 251.8347739758265 3.0813619559811416 0.34081007369149674 271.34999999999997
103.0 252.14509119073594 3.0829592545741673 0.3410878514692745 271.34999999999997
104.0 252.46045015992323 3.0845197105388253 0.34136562924705227 271.34999999999997
105.0 252.78075313703312 3.08604283026483 0.34164340702483004 271.34999999999997
106.0 253.10589508400813 3.0875281323154056 0.3419211848026077 271.34999999999997
107.0 253.43576371997594 3.088975148171298 0.34219896258038535 271.34999999999997
108.0 253.77023958553198 3.0903834229658433 0.34247674035816306 271.34999999999997
109.0 254.10919612226525 3.0917525162095654 0.3427545181359406 271.34999999999997
110.0 254.45249976731424 3.093082002502808 0.34303229591371837 271.34999999999997
111.0 254.8000100626821 3.094371472234949 0.343310073691496 271.34999999999997
112.0 255.1515797789901 3.095620532268774 0.3435878514692738 271.34999999999997
113.0 255.50705505328844 3.0968288066086482 0.3438656292470512 271.34999999999997
114.0 255.8662755405033 3.0979959370511674 0.3441434070248289 271.34999999999997
115.0 256.22907457804047 3.0991215838170287 0.34442118480260664 271.34999999999997
116.0 256.59527936303454 3.1002054261629186 0.3446989625803842 271.34999999999997
117.0 256.96471114168264 3.1012471629722844 0.3449767403581618 271.34999999999997
118.0 257.33718541006823 3.1022465133239163 0.3452545181359395 271.34999999999997
119.0 257.71251212585 3.10320321703734 0.345532295913717 271.34999999999997
120.0 258.09049593015806 3.104117035194088 0.34581007369149463 271.34999999999997
121.0 258.4709363790146 3.1049877506339993 0.3460878514692724 271.34999999999997
122.0 258.8515903476468 3.105812936371733 0.34775451813593905 271.34999999999997
123.0 259.23443769498044 3.106592567390491 0.3494211848026057 271.34999999999997
124.0 259.61926226000963 3.107326641629417 0.35108785146927235 271.34999999999997
125.0 260.00584366569205 3.1080151802358102 0.352754518135939 271.34999999999997
126.0 260.3939575919184 3.10865822778723 0.35442118480260565 271.34999999999997
127.0 260.7833760538621 3.109255852483351 0.356087851469272 271.34999999999997
128.0 261.17386768493435 3.109808146307496 0.35775451813593867 271.34999999999997
129.0 261.56519802356996 3.1103152251578576 0.3594211848026053 271.34999999999997
130.0 261.95712980308485 3.110777228948491 0.36108785146927197 271.34999999999997
131.0 262.34942324385185 3.111194321680226 0.3627545181359386 271.34999999999997
132.0 262.7418363470604 3.1115666914817157 0.36442118480260516 271.34999999999997
133.0 263.13412518934655 3.1118945506209084 0.3660878514692718 271.34999999999997
134.0 263.5260442175925 3.112178135487278 0.36775451813593846 271.34999999999997
135.0 263.9173465432288 3.1124177065452208 0.3694211848026049 271.34999999999997
136.0 264.3077842353904 3.1126135482590676 0.37108785146927153 271.34999999999997
137.0 264.6971086123052 3.1127659689902165 0.3727545181359382 271.34999999999997
138.0 265.0850705303303 3.112875300866939 0.37442118480260483 271.34999999999997
139.0 265.4714206700699 3.112941899627452 0.37608785146927126 271.34999999999997
140.0 265.85590981905204 3.112966144436884 0.3777545181359379 271.34999999999997
141.0 266.23828915046334 3.112948437678813 0.37942118480260456 271.34999999999997
142.0 266.6183104974819 3.112889204722068 0.38108785146927115 271.34999999999997
143.0 266.9957266227787 3.112788893663524 0.3827545181359378 271.34999999999997
144.0 267.37029148278685 3.1126479750476426 0.3844211848026044 271.34999999999997
145.0 267.7417604863818 3.1124669415635333 0.3860878514692708 271.34999999999997
146.0 268.10989074763876 3.1122463077203255 0.3877545181359375 271.34999999999997
147.0 268.47444133237104 3.111986609501655 0.38942118480260407 271.34999999999997
148.0 268.8351734981887 3.1116884040000814 0.3910878514692701 271.34999999999997
149.0 269.1918509278386 3.111352269032264 0.39275451813593665 271.34999999999997
150.0 269.5442399556281 3.110978802735725 0.3944211848026033 271.34999999999997
151.0 269.89210978676033 3.110568623148027 0.3960878514692699 271.34999999999997
152.0 270.235232709436 3.110122367769214 0.3977545181359361 271.34999999999997
153.0 270.57350321240307 3.109640841860024 0.3977545181359359 271.34999999999997
154.0 270.9064787700212 3.1091245926569258 0.39775451813593565 271.34999999999997
155.0 271.2339461825746 3.1085741891481504 0.39775451813593565 271.34999999999997
156.0 271.55569612258506 3.107990221709829 0.3977545181359356 271.34999999999997
157.0 271.87152330558837 3.1073733017254597 0.3977545181359352 271.34999999999997
158.0 272.1812266535929 3.106724061189344 0.3977545181359352 271.34999999999997
159.0 272.4846094512433 3.1060431522946246 0.3977545181359352 271.34999999999997
160.0 272.78147949473214 3.1053312470065433 0.39775451813593504 271.34999999999997
161.0 273.0716492335115 3.1045890366215416 0.39775451813593476 271.34999999999997
162.0 273.15 3.1038386246633185 0.39696132812162693 271.34999999999997
163.0 273.15 3.1030880102511667 0.3950968875126577 271.34999999999997
164.0 273.15 3.1023369505857175 0.39218702274701184 271.34999999999997
165.0 273.15 3.101585205297038 0.38825843297436546 271.34999999999997
166.0 273.15 3.1008325349186836 0.383338675267446 271.34999999999997
167.0 273.15 3.1000786994234497 0.3774561484852069 271.34999999999997
168.0 273.15 3.099323456798223 0.37064007587832587 271.34999999999997
169.0 273.15 3.098566561637213 0.36292048652437886 271.34999999999997
170.0 273.15 3.0978077637341523 0.3543281956784782 271.34999999999997
171.0 273.15 3.0970468066548227 0.34489478412496116 271.34999999999997
172.0 273.15 3.096283426271587 0.33465257661672126 271.34999999999997
173.0 273.15 3.0955173492415002 0.32363461949088135 271.34999999999997
174.0 273.15 3.094748291409042 0.31187465755266575 271.34999999999997
175.0 273.15 3.093975956113613 0.2994071103235079 271.34999999999997
176.0 273.15 3.0932000323805964 0.2862670477546636 271.34999999999997
177.0 273.15 3.092420192973026 0.27249016551392835 271.34999999999997
178.0 273.15 3.0916360922786956 0.25811275996057603 271.34999999999997
179.0 273.15 3.090847364004801 0.2431717029324573 271.34999999999997
180.0 273.15 3.090053618648935 0.22770441647948184 271.34999999999997
181.0 273.15 3.0892544407113243 0.21174884768964417 271.34999999999997
182.0 273.15 3.0884493856085715 0.19534344376757035 271.34999999999997
183.0 273.15 3.087637976243719 0.1785271275415298 271.34999999999997
184.0 273.15 3.0868196991810857 0.16133927359328185 271.34999999999997
185.0 273.15 3.085994000366914 0.1438196852263537 271.34999999999997
186.0 273.15 3.0851602803282727 0.12600857251275546 271.34999999999997
187.0 273.15 3.0843178887727376 0.10794653168611769 271.34999999999997
188.0 273.15 3.083466118499993 0.08967452618118035 271.34999999999997
189.0 273.15 3.082604198523533 0.04246589084086396 271.34999999999997
190.0 273.15 3.0795571159894037 0.0 271.34999999999997
191.0 273.15 3.0608313688579902 0.0 271.34999999999997
192.0 273.15 3.042204574731343 0.0 271.34999999999997
193.0 273.15 3.02369421220089 0.0 271.34999999999997
194.0 273.15 3.0053176053577055 0.0 271.34999999999997
195.0 273.15 2.987091908548077 0.0 271.34999999999997
196.0 273.15 2.9690340914776012 0.0 271.34999999999997
197.0 273.15 2.9511609246827364 0.0 271.34999999999997
198.0 273.15 2.9334889653877383 0.0 271.34999999999997
199.0 273.15 2.9160345437638835 0.0 271.34999999999997
200.0 273.15 2.898813749606844 0.0 271.34999999999997
201.0 273.15 2.881842419447032 0.0 271.34999999999997
202.0 273.15 2.865136124106667 0.0 271.34999999999997
203.0 273.15 2.8487101567162454 0.0 271.34999999999997
204.0 273.15 2.8325795212020317 0.0 271.34999999999997
205.0 273.15 2.8167589212551003 0.0 271.34999999999997
206.0 273.15 2.801262749791397 0.0 271.34999999999997
207.0 273.15 2.7861050789112167 0.0 271.34999999999997
208.0 273.15 2.7712996503654397 0.0 271.34999999999997
209.0 273.15 2.7568598665348056 0.0 271.34999999999997
210.0 273.15 2.7427987819274904 0.0 271.34999999999997
211.0 273.15 2.7291290951992058 0.0 271.34999999999997
212.0 273.15 2.715863141699057 0.0 271.34999999999997
213.0 273.15 2.703012886543393 0.0 271.34999999999997
214.0 273.15 2.6905899182189312 0.0 271.34999999999997
215.0 273.15 2.6786054427154937 0.0 271.34999999999997
216.0 273.15 2.6670702781877735 0.0 271.34999999999997
217.0 273.15 2.6559948501446664 0.0 271.34999999999997
218.0 273.15 2.6453891871638335 0.0 271.34999999999997
219.0 273.15 2.635262917128328 0.0 271.34999999999997
220.0 273.15 2.625625263981323 0.0 271.34999999999997
221.0 273.15 2.6164850449941923 0.0 271.34999999999997
222.0 273.15 2.6078506685424583 0.0 271.34999999999997
223.0 273.15 2.599730132383413 0.0 271.34999999999997
224.0 273.15 2.592131022428542 0.0 271.34999999999997
225.0 273.15 2.5850605120032206 0.0 271.34999999999997
226.0 273.15 2.578525361585567 0.0 271.34999999999997
227.0 273.15 2.572531919015725 0.0 271.34999999999997
228.0 273.15 2.567086120166332 0.0 271.34999999999997
229.0 273.15 2.562193490064398 0.0 271.34999999999997
230.0 273.15 2.5578591444543446 0.0 271.34999999999997
231.0 273.15 2.5540877917915092 0.0 271.34999999999997
232.0 273.15 2.550883735655003 0.0 271.34999999999997
233.0 273.15 2.5497700170836683 0.0 271.34999999999997
234.0 273.15 2.54877570437897 0.0012635655236525492 271.34999999999997
235.0 273.15 2.5477827222972675 0.004143085778204067 271.34999999999997
236.0 273.0674375438109 2.5468125485505557 0.008309752444870734 271.34999999999997
237.0 272.6755948055221 2.5459388004258137 0.0124764191115374 271.34999999999997
238.0 272.28036051704424 2.5451602030893548 0.016643085778203844 271.34999999999997
239.0 271.88195371801646 2.5444754618529055 0.02080975244486993 271.34999999999997
240.0 271.48059354783163 2.5438832634380475 0.02497641911153637 271.34999999999997
241.0 271.0764990997824 2.5433822772109034 0.029143085778203036 271.34999999999997
242.0 270.6698892746553 2.5429711563878667 0.0333097524448697 271.34999999999997
243.0 270.26098263375053 2.5426485392131744 0.03747641911153637 271.34999999999997
244.0 269.84999725131837 2.542413050109117 0.04164308577820303 271.34999999999997
245.0 269.437150566414 2.542263300799686 0.045809752444869664 271.34999999999997
246.0 269.02265923419037 2.542197891408433 0.04997641911153581 271.34999999999997
247.0 268.6067389766554 2.5422154115313216 0.054143085778202475 271.34999999999997
248.0 268.18960443293975 2.542314441285323 0.05830975244486914 271.34999999999997
249.0 267.77146900913647 2.542493552333496 0.06247641911153581 271.34999999999997
250.0 267.35254472778234 2.542751308887264 0.06664308577820234 271.34999999999997
251.0 266.93304207707564 2.543086268686586 0.070809752444869 271.34999999999997
252.0 266.51316985993066 2.543496983958684 0.07497641911153546 271.34999999999997
253.0 266.09313504299536 2.5439820023559654 0.07914308577820213 271.34999999999997
254.0 265.6731426057635 2.5445398678737448 0.08330975244486853 271.34999999999997
255.0 265.2533953899387 2.5451691217483403 0.0874764191115352 271.34999999999997
256.0 264.83409394921347 2.545868303336082 0.09164308577820152 271.34999999999997
257.0 264.4154363996517 2.5466359509737346 0.09580975244486818 271.34999999999997
258.0 263.99761827086576 2.5474706028208036 0.09997641911153485 271.34999999999997
259.0 262.3111918530788 2.5486098333640155 0.10414308577820135 271.34999999999997
260.0 261.94598590757425 2.549801431204115 0.10830975244486801 271.34999999999997
261.0 261.58073273430426 2.5510444161546375 0.11247641911153468 271.34999999999997
262.0 261.2156320695086 2.552337796372226 0.11664308577820134 271.34999999999997
263.0 260.8508813893713 2.5536805693424935 0.12080975244486789 271.34999999999997
264.0 260.4866757124467 2.5550717228562694 0.12497641911153444 271.34999999999997
265.0 260.1232074047566 2.5565102359758725 0.12914308577820047 271.34999999999997
266.0 259.7606659879396 2.557995079991021 0.1333097524448668 271.34999999999997
267.0 259.3992379508346 2.5595252193639717 0.1374764191115335 271.34999999999997
268.0 259.03910656489256 2.561099612663449 0.14164308577820015 271.34999999999997
269.0 258.6804517038051 2.56271721348691 0.1458097524448668 271.34999999999997
270.0 258.3234496677429 2.564376971370667 0.14997641911153348 271.34999999999997
271.0 257.96827301259606 2.5660778326873652 0.15414308577820016 271.34999999999997
272.0 257.6150903846047 2.5678187415303135 0.15830975244486684 271.34999999999997
273.0 257.26406636076234 2.569598640584123 0.16247641911153352 271.34999999999997
274.0 256.915361295371 2.5714164719811277 0.1666430857782002 271.34999999999997
275.0 256.56913117311353 2.5732711781430186 0.17080975244486676 271.34999999999997
276.0 256.2255274690035 2.575161702607144 0.17497641911153342 271.34999999999997
277.0 255.8846970155555 2.5770869908368987 0.1791430857782001 271.34999999999997
278.0 255.54678187750784 2.579045991015634 0.18330975244486677 271.34999999999997
279.0 255.21191923441177 2.5810376548235188 0.1874764191115332 271.34999999999997
280.0 254.88024127138348 2.5830609381967804 0.19164308577819988 271.34999999999997
281.0 254.55187507829336 2.585114802068759 0.19580975244486656 271.34999999999997
282.0 254.22694255765123 2.587198213092216 0.19997641911153302 271.34999999999997
283.0 253.9055603414149 2.589310144342355 0.2041430857781997 271.34999999999997
284.0 253.58783971693092 2.591449576000009 0.20830975244486638 271.34999999999997
285.0 253.27388656218864 2.593615496014483 0.2124764191115329 271.34999999999997
286.0 252.9638012905403 2.5958069007455498 0.21664308577819938 271.34999999999997
287.0 252.65767880501207 2.598022795584108 0.22080975244486606 271.34999999999997
288.0 252.35560846230254 2.60026219555106 0.22497641911153274 271.34999999999997
289.0 252.05767404653432 2.6025241258739644 0.22914308577819936 271.34999999999997
290.0 251.7639537527929 2.60480762254107 0.23330975244486604 271.34999999999997
291.0 251.47452018045675 2.607111732832351 0.23747641911153272 271.34999999999997
292.0 251.18944033629194 2.6094355158272116 0.2416430857781994 271.34999999999997
293.0 250.90877564724983 2.6117780428885466 0.24580975244486594 271.34999999999997
294.0 250.63258198287951 2.6141383981228965 0.2499764191115326 271.34999999999997
295.0 250.3609096872307 2.616515678816463 0.2541430857781991 271.34999999999997
296.0 250.09380362009676 2.6189089958467986 0.25830975244486554 271.34999999999997
297.0 249.83130320741319 2.6213174740700147 0.2624764191115321 271.34999999999997
298.0 249.57344250060083 2.6237402526834113 0.26664308577819873 271.34999999999997
299.0 249.32025024461353 2.6261764855634544 0.2708097524448652 271.34999999999997
300.0 249.0717499544235 2.628625341579089 0.27497641911153187 271.34999999999997
301.0 248.82795999964938 2.6310860048804074 0.2791430857781985 271.34999999999997
302.0 248.5888936970138 2.633557675162746 0.2833097524448649 271.34999999999997
303.0 248.3545594102864 2.6360395679063187 0.28747641911153154 271.34999999999997
304.0 248.12496065735354 2.638530914591553 0.2916430857781982 271.34999999999997
305.0 247.90009622403517 2.641030962890322 0.2958097524448648 271.34999999999997
306.0 247.69635296803642 2.6435547073732577 0.29608753022264256 271.34999999999997
307.0 247.49744112379528 2.646101458082302 0.29636530800042027 271.34999999999997
308.0 247.30333242882998 2.6486705308087797 0.29664308577819803 271.34999999999997
309.0 247.11399470935712 2.6512612476096864 0.2969208635559758 271.34999999999997
310.0 246.92939203535602 2.6538729372996173 0.29719864133375357 271.34999999999997
311.0 246.7494848786542 2.6565049359180777 0.2974764191115313 271.34999999999997
312.0 246.57423027356367 2.6591565871719967 0.29775419688930904 271.34999999999997
313.0 246.4035819795992 2.661827242853323 0.29803197466708675 271.34999999999997
314.0 246.23749064581614 2.664516263231658 0.2983097524448644 271.34999999999997
315.0 246.07590397631017 2.667223017421939 0.2985875302226422 271.34999999999997
316.0 245.91876689643144 2.669946883727249 0.2988653080004199 271.34999999999997
317.0 245.76602171927516 2.672687249956904 0.2991430857781976 271.34999999999997
318.0 245.6176083120217 2.6754435137199977 0.2994208635559753 271.34999999999997
319.0 245.47346426171376 2.678215082694676 0.2996986413337529 271.34999999999997
320.0 245.33352504007175 2.6810013748734334 0.29997641911153067 271.34999999999997
321.0 245.1977241669638 2.6838018187847994 0.3002541968893084 271.34999999999997
322.0 245.0659933721662 2.6866158536918117 0.3005319746670861 271.34999999999997
323.0 244.9382627550631 2.689442929767729 0.30080975244486385 271.34999999999997
324.0 244.81446094195803 2.6922825082494746 0.3010875302226415 271.34999999999997
325.0 244.69451524068614 2.695134061569333 0.3013653080004193 271.34999999999997
326.0 244.57835179223449 2.6979970734654715 0.30164308577819676 271.34999999999997
327.0 244.46589571910394 2.7008710390718726 0.30192086355597425 271.34999999999997
328.0 244.35707127015766 2.703755464988307 0.30219864133375185 271.34999999999997
329.0 244.25180196173125 2.706649869330992 0.3024764191115296 271.34999999999997
330.0 244.15001071479395 2.7095537817646096 0.3027541968893074 271.34999999999997
331.0 244.05161998797408 2.7124667435163694 0.30303197466708515 271.34999999999997
332.0 243.95655190628162 2.715388307372829 0.3033097524448629 271.34999999999997
333.0 243.86472838538097 2.7183180376601865 0.3035875302226407 271.34999999999997
334.0 243.776071251289 2.721255510208776 0.30386530800041844 271.34999999999997
335.0 243.69050235538978 2.724200312302505 0.3041430857781962 271.34999999999997
336.0 243.60794368467984 2.7271520426139757 0.304420863555974 271.34999999999997
337.0 243.52831746717567 2.7301103111260328 0.3046986413337517 271.34999999999997
338.0 243.45154627243068 2.7330747390404864 0.30497641911152945 271.34999999999997
339.0 243.37755310713024 2.736044958674749 0.30525419688930716 271.34999999999997
340.0 243.3062615057477 2.7390206133471273 0.3055319746670848 271.34999999999997
341.0 243.23759561626 2.7420013572514974 0.3058097524448626 271.34999999999997
342.0 243.17148028093763 2.74498685532209 0.30608753022264024 271.34999999999997
343.0 243.1078411122384 2.7479767830890944 0.30636530800041795 271.34999999999997
344.0 243.0466045638454 2.750970826525786 0.30664308577819566 271.34999999999997
345.0 242.98769799690587 2.7539686818878604 0.3069208635559734 271.34999999999997
346.0 242.93104974153587 2.75697005554565 0.30719864133375113 271.34999999999997
347.0 242.87658915366964 2.759974663809879 0.3074764191115289 271.34999999999997
348.0 242.8242466673392 2.7629822327515967 0.30775419688930666 271.34999999999997
349.0 242.7739538424828 2.765992498016903 0.30803197466708426 271.34999999999997
350.0 242.72564340838582 2.7690052046370837 0.3083097524448619 271.34999999999997
351.0 242.67924930286617 2.7720201068347206 0.3085875302226397 271.34999999999997
352.0 242.63470670732409 2.77503696782635 0.30886530800041734 271.34999999999997
353.0 242.5919520777815 2.778055559622203 0.3091430857781951 271.34999999999997
354.0 242.5509231720387 2.781075662823556 0.30942086355597276 271.34999999999997
355.0 242.51155907308535 2.784097066418176 0.30969864133375047 271.34999999999997
356.0 242.4738002089016 2.7871195675743485 0.30997641911152823 271.34999999999997
357.0 242.43758836879098 2.790142971433935 0.31025419688930594 271.34999999999997
358.0 242.4028667163885 2.7931670909048925 0.31053197466708365 271.34999999999997
359.0 242.36957979948716 2.796191746453665 0.3108097524448614 271.34999999999997
360.0 242.33767355683017 2.7992167658978335 0.3110875302226392 271.34999999999997
361.0 242.30709532201428 2.8022419841993913 0.3113653080004168 271.34999999999997
362.0 242.27779382465056 2.805267243258984 0.3116430857781945 271.34999999999997
363.0 242.24971918892751 2.8082923917114413 0.31192086355597215 271.34999999999997
364.0 242.22282292972287 2.8113172847229007 0.31219864133374986 271.34999999999997
365.0 242.19705794640498 2.8143417837898004 0.31247641911152746 271.34999999999997
