0.0 244.53 2.608 0.306 271.35
1.0 244.220534881 2.61186633239 0.306284090909 271.35
2.0 244.218856489 2.61572649719 0.306568181818 271.35
3.0 244.217473404 2.61958045861 0.306852272727 271.35
4.0 244.216402327 2.62342817776 0.307136363636 271.35
5.0 244.21566082 2.62726961247 0.307420454545 271.35
6.0 244.215267329 2.6311047172 0.307704545455 271.35
7.0 244.215241225 2.63493344281 0.307988636364 271.35
8.0 244.215602831 2.63875573644 0.308272727273 271.35
9.0 244.216373462 2.64257154132 0.308556818182 271.35
10.0 244.217575455 2.64638079661 0.308840909091 271.35
11.0 244.219232204 2.6501834372 0.309125 271.35
12.0 244.221368198 2.65397939354 0.309409090909 271.35
13.0 244.224009051 2.65776859144 0.309693181818 271.35
14.0 244.22718154 2.66155095188 0.309977272727 271.35
15.0 244.23091364 2.66532639078 0.310261363636 271.35
16.0 244.235234557 2.66909481883 0.310545454545 271.35
17.0 244.240174764 2.67285614126 0.310829545455 271.35
18.0 244.245766032 2.6766102576 0.311113636364 271.35
19.0 244.252041469 2.68035706151 0.311397727273 271.35
20.0 244.259035546 2.68409644048 0.311681818182 271.35
21.0 244.266784138 2.68782827567 0.311965909091 271.35
22.0 244.275324545 2.69155244159 0.31225 271.35
23.0 244.284695532 2.69526880595 0.312534090909 271.35
24.0 244.294937352 2.69897722935 0.312818181818 271.35
25.0 244.306091779 2.70267756502 0.313102272727 271.35
26.0 244.318202127 2.70636965864 0.313386363636 271.35
27.0 244.331313285 2.71005334801 0.313670454545 271.35
28.0 244.345471732 2.7137284628 0.313954545455 271.35
29.0 244.360725561 2.71739482434 0.314238636364 271.35
30.0 244.3771245 2.72105224529 0.314522727273 271.35
31.0 244.394719925 2.72470052942 0.314806818182 271.35
32.0 244.413564878 2.72833947132 0.315090909091 271.35
33.0 244.433714074 2.73196885613 0.315375 271.35
34.0 244.455223917 2.73558845928 0.315659090909 271.35
35.0 244.478152496 2.73919804623 0.315943181818 271.35
36.0 244.502559594 2.7427973722 0.316227272727 271.35
37.0 244.528506684 2.74638618187 0.316511363636 271.35
38.0 244.556056926 2.74996420918 0.316795454545 271.35
39.0 244.585275156 2.75353117701 0.317079545455 271.35
40.0 244.61622787 2.75708679697 0.317363636364 271.35
41.0 244.648983214 2.76063076911 0.317647727273 271.35
42.0 244.683610954 2.76416278169 0.317931818182 271.35
43.0 244.720182455 2.76768251097 0.318215909091 271.35
44.0 244.758770645 2.77118962092 0.3185 271.35
45.0 244.799449979 2.77468376301 0.318784090909 271.35
46.0 244.842296399 2.77816457603 0.319068181818 271.35
47.0 244.887387281 2.78163168586 0.319352272727 271.35
48.0 244.934801385 2.78508470523 0.319636363636 271.35
49.0 244.984618797 2.78852323361 0.319920454545 271.35
50.0 245.036920856 2.79194685698 0.320204545455 271.35
51.0 245.091790091 2.7953551477 0.320488636364 271.35
52.0 245.149310136 2.79874766434 0.320772727273 271.35
53.0 245.20956565 2.8021239516 0.321056818182 271.35
54.0 245.272642221 2.80548354011 0.321340909091 271.35
55.0 245.338626273 2.80882594643 0.321625 271.35
56.0 245.407604961 2.8121506729 0.321909090909 271.35
57.0 245.479666056 2.81545720764 0.322193181818 271.35
58.0 245.554897831 2.81874502446 0.322477272727 271.35
59.0 245.633388935 2.82201358287 0.322761363636 271.35
60.0 245.715228262 2.82526232812 0.323045454545 271.35
61.0 245.800504814 2.82849069116 0.323329545455 271.35
62.0 245.889307555 2.83169808877 0.323613636364 271.35
63.0 245.981725264 2.83488392359 0.323897727273 271.35
64.0 246.077846371 2.83804758426 0.324181818182 271.35
65.0 246.177758801 2.84118844553 0.324465909091 271.35
66.0 246.281549802 2.84430586845 0.32475 271.35
67.0 246.389305771 2.84739920055 0.325034090909 271.35
68.0 246.501112073 2.85046777606 0.325318181818 271.35
69.0 246.617052856 2.85351091618 0.325602272727 271.35
70.0 246.737210862 2.85652792934 0.325886363636 271.35
71.0 246.861667232 2.85951811155 0.326170454545 271.35
72.0 246.99050131 2.86248074671 0.326454545455 271.35
73.0 247.123790436 2.86541510702 0.326738636364 271.35
74.0 247.261609745 2.86832045339 0.327022727273 271.35
75.0 247.404031961 2.87119603588 0.327306818182 271.35
76.0 247.551127181 2.87404109418 0.327590909091 271.35
77.0 247.702962669 2.87685485813 0.327875 271.35
78.0 247.859602642 2.87963654827 0.328159090909 271.35
79.0 248.021108056 2.88238537641 0.328443181818 271.35
80.0 248.187536396 2.88510054626 0.328727272727 271.35
81.0 248.358941461 2.88778125405 0.329011363636 271.35
82.0 248.535373157 2.89042668925 0.329295454545 271.35
83.0 248.716877286 2.89303603522 0.329579545455 271.35
84.0 248.903495341 2.89560847002 0.329863636364 271.35
85.0 249.095264305 2.89814316714 0.330147727273 271.35
86.0 249.292216456 2.9006392963 0.330431818182 271.35
87.0 249.494379168 2.90309602429 0.330715909091 271.35
88.0 249.701774727 2.90551251586 0.331 271.35
89.0 249.914420153 2.90788793452 0.331284090909 271.35
90.0 250.132327021 2.91022144355 0.331568181818 271.35
91.0 250.355501297 2.91251220686 0.331852272727 271.35
92.0 250.583943179 2.91475938995 0.332136363636 271.35
93.0 250.817646951 2.91696216094 0.332420454545 271.35
94.0 251.056600837 2.9191196915 0.332704545455 271.35
95.0 251.300786879 2.92123115791 0.332988636364 271.35
96.0 251.550180811 2.92329574205 0.333272727273 271.35
97.0 251.804751956 2.92531263247 0.333556818182 271.35
98.0 252.064463129 2.92728102543 0.333840909091 271.35
99.0 252.329270551 2.92920012597 0.334125 271.35
100.0 252.59912378 2.93106914896 0.334409090909 271.35
101.0 252.873965652 2.9328873202 0.334693181818 271.35
102.0 253.153732233 2.9346538775 0.334977272727 271.35
103.0 253.438352792 2.93636807174 0.335261363636 271.35
104.0 253.727749779 2.93802916799 0.335545454545 271.35
105.0 254.021838823 2.93963644653 0.335829545455 271.35
106.0 254.320528739 2.94118920398 0.336113636364 271.35
107.0 254.623721554 2.94268675434 0.336397727273 271.35
108.0 254.931312547 2.94412843005 0.336681818182 271.35
109.0 255.243190296 2.94551358303 0.336965909091 271.35
110.0 255.559236745 2.94684158573 0.33725 271.35
111.0 255.879327287 2.94811183213 0.337534090909 271.35
112.0 256.203330856 2.94932373875 0.337818181818 271.35
113.0 256.531110028 2.95047674562 0.338102272727 271.35
114.0 256.862521149 2.95157031726 0.338386363636 271.35
115.0 257.197414463 2.95260394358 0.338670454545 271.35
116.0 257.535634256 2.95357714084 0.338954545455 271.35
117.0 257.877019014 2.95448945249 0.339238636364 271.35
118.0 258.22140159 2.95534045004 0.339522727273 271.35
119.0 258.568609386 2.95612973391 0.339806818182 271.35
120.0 258.918464537 2.95685693419 0.340090909091 271.35
121.0 259.270784115 2.95752171142 0.340375 271.35
122.0 259.625380338 2.95812375733 0.341987903226 271.35
123.0 259.979342621 2.95865974417 0.343600806452 271.35
124.0 260.335396119 2.95912963264 0.345213709677 271.35
125.0 260.693337439 2.95953341646 0.346826612903 271.35
126.0 261.052959065 2.95987112279 0.348439516129 271.35
127.0 261.414049609 2.96014281257 0.350052419355 271.35
128.0 261.776394068 2.96034858086 0.351665322581 271.35
129.0 262.139774084 2.96048855709 0.353278225806 271.35
130.0 262.503968214 2.96056290533 0.354891129032 271.35
131.0 262.868752193 2.96057182442 0.356504032258 271.35
132.0 263.233899214 2.96051554818 0.358116935484 271.35
133.0 263.59917525 2.96039420995 0.35972983871 271.35
134.0 263.964349324 2.96020795441 0.361342741935 271.35
135.0 264.329189585 2.95995695908 0.362955645161 271.35
136.0 264.693462706 2.95964143455 0.364568548387 271.35
137.0 265.056934161 2.95926162484 0.366181451613 271.35
138.0 265.419368503 2.95881780757 0.367794354839 271.35
139.0 265.780529636 2.95831029422 0.369407258065 271.35
140.0 266.140181086 2.95773943031 0.37102016129 271.35
141.0 266.498086275 2.95710559561 0.372633064516 271.35
142.0 266.854008781 2.95640920428 0.374245967742 271.35
143.0 267.20771261 2.95565070497 0.375858870968 271.35
144.0 267.558962449 2.95483058097 0.377471774194 271.35
145.0 267.907523923 2.95394935027 0.379084677419 271.35
146.0 268.25316385 2.95300756561 0.380697580645 271.35
147.0 268.595650483 2.9520058145 0.382310483871 271.35
148.0 268.934753751 2.95094471924 0.383923387097 271.35
149.0 269.270245496 2.94982493687 0.385536290323 271.35
150.0 269.601899705 2.94864715913 0.387149193548 271.35
151.0 269.929492728 2.94741211232 0.388762096774 271.35
152.0 270.2528035 2.94612055727 0.390375 271.35
153.0 270.571613749 2.94477328908 0.391987903226 271.35
154.0 270.885708205 2.94337113702 0.391987903226 271.35
155.0 271.194910393 2.9419150095 0.391987903226 271.35
156.0 271.498836799 2.94040562632 0.391987903226 271.35
157.0 271.797287913 2.93884374572 0.391987903226 271.35
158.0 272.090068015 2.9372301643 0.391987903226 271.35
159.0 272.376985336 2.93556571685 0.391987903226 271.35
160.0 272.657852216 2.93385127616 0.391987903226 271.35
161.0 272.932485258 2.93208775275 0.391987903226 271.35
162.0 273.15 2.93028431718 0.39178527438 271.35
163.0 273.15 2.92847609818 0.390535697021 271.35
164.0 273.15 2.9266627323 0.388264661044 271.35
165.0 273.15 2.92484386768 0.384998503381 271.35
166.0 273.15 2.92301916157 0.380764396797 271.35
167.0 273.15 2.92118827792 0.375590337187 271.35
168.0 273.15 2.91935088511 0.369505129498 271.35
169.0 273.15 2.91750665363 0.362538372398 271.35
170.0 273.15 2.91565525389 0.354720441812 271.35
171.0 273.15 2.91379635387 0.346082473435 271.35
172.0 273.15 2.91192961687 0.336656344333 271.35
173.0 273.15 2.91005469906 0.326474653749 271.35
174.0 273.15 2.90817124699 0.315570703216 271.35
175.0 273.15 2.906278895 0.303978476109 271.35
176.0 273.15 2.90437726234 0.291732616745 271.35
177.0 273.15 2.90246595027 0.278868409167 271.35
178.0 273.15 2.90054453881 0.265421755734 271.35
179.0 273.15 2.89861258328 0.251429155687 271.35
180.0 273.15 2.89666961055 0.236927683813 271.35
181.0 273.15 2.89471511491 0.221954969398 271.35
182.0 273.15 2.8927485536 0.206549175634 271.35
183.0 273.15 2.89076934188 0.190748979687 271.35
184.0 273.15 2.88877684758 0.17459355362 271.35
185.0 273.15 2.88677038515 0.158122546412 271.35
186.0 273.15 2.88474920905 0.141376067319 271.35
187.0 273.15 2.88271250642 0.12439467083 271.35
188.0 273.15 2.88065938898 0.107219343515 271.35
189.0 273.15 2.8785888841 0.0898914930654 271.35
190.0 273.15 2.87649992485 0.0687788099558 271.35
191.0 273.15 2.87438749846 0.0400642430048 271.35
192.0 273.15 2.87224076699 0.00129888640685 271.35
193.0 273.15 2.85173141141 0.0 271.35
194.0 273.15 2.83077856575 0.0 271.35
195.0 273.15 2.81003416053 0.0 271.35
196.0 273.15 2.78951529194 0.0 271.35
197.0 273.15 2.76923863303 0.0 271.35
198.0 273.15 2.74922042202 0.0 271.35
199.0 273.15 2.72947645173 0.0 271.35
200.0 273.15 2.71002206051 0.0 271.35
201.0 273.15 2.69087212436 0.0 271.35
202.0 273.15 2.67204105039 0.0 271.35
203.0 273.15 2.65354277157 0.0 271.35
204.0 273.15 2.63539074269 0.0 271.35
205.0 273.15 2.61759793759 0.0 271.35
206.0 273.15 2.60017684755 0.0 271.35
207.0 273.15 2.58313948092 0.0 271.35
208.0 273.15 2.56649736372 0.0 271.35
209.0 273.15 2.55026154147 0.0 271.35
210.0 273.15 2.53444258198 0.0 271.35
211.0 273.15 2.51905057909 0.0 271.35
212.0 273.15 2.5040951574 0.0 271.35
213.0 273.15 2.48958547781 0.0 271.35
214.0 273.15 2.47553024396 0.0 271.35
215.0 273.15 2.46193770935 0.0 271.35
216.0 273.15 2.44881568517 0.0 271.35
217.0 273.15 2.43617154881 0.0 271.35
218.0 273.15 2.42401225297 0.0 271.35
219.0 273.15 2.41234433517 0.0 271.35
220.0 273.15 2.40117392788 0.0 271.35
221.0 273.15 2.39050676892 0.0 271.35
222.0 273.15 2.38034821231 0.0 271.35
223.0 273.15 2.37070323933 0.0 271.35
224.0 273.15 2.36157646987 0.0 271.35
225.0 273.15 2.35297217388 0.0 271.35
226.0 273.15 2.34489428308 0.0 271.35
227.0 273.15 2.33734640259 0.0 271.35
228.0 273.15 2.3303318227 0.0 271.35
229.0 273.15 2.32385353061 0.0 271.35
230.0 273.15 2.31791422203 0.0 271.35
231.0 273.15 2.31251631283 0.0 271.35
232.0 273.15 2.30766195039 0.0 271.35
233.0 273.15 2.30335302492 0.0 271.35
234.0 273.15 2.29959118047 0.00012218343752 271.35
235.0 273.15 2.2971540662 0.00190439182105 271.35
236.0 273.15 2.29473667628 0.00556970286554 271.35
237.0 272.793482164 2.29245428033 0.00973636953221 271.35
238.0 272.314456053 2.29034304885 0.0139030361989 271.35
239.0 271.837996056 2.28839856227 0.0180697028655 271.35
240.0 271.364234272 2.28661647806 0.0222363695322 271.35
241.0 270.893295996 2.28499253078 0.0264030361989 271.35
242.0 270.425299926 2.28352253207 0.0305697028655 271.35
243.0 269.960358372 2.2822023705 0.0347363695322 271.35
244.0 269.498577476 2.28102801139 0.0389030361989 271.35
245.0 269.040057432 2.27999549656 0.0430697028655 271.35
246.0 268.584892717 2.27910094391 0.0472363695322 271.35
247.0 268.13317232 2.27834054701 0.0514030361989 271.35
248.0 267.684979973 2.27771057461 0.0555697028655 271.35
249.0 267.240394382 2.27720737004 0.0597363695322 271.35
250.0 266.799489459 2.27682735061 0.0639030361989 271.35
251.0 266.362334556 2.27656700689 0.0680697028655 271.35
252.0 265.928994683 2.27642290197 0.0722363695322 271.35
253.0 265.49953074 2.27639167067 0.0764030361989 271.35
254.0 265.073999731 2.27647001872 0.0805697028655 271.35
255.0 264.65243612 2.27665466184 0.0847363695322 271.35
256.0 264.234879993 2.27694235951 0.0889030361989 271.35
257.0 263.821375368 2.27732993751 0.0930697028655 271.35
258.0 263.411963589 2.27781428756 0.0972363695322 271.35
259.0 263.006683482 2.27849357039 0.101403036199 271.35
260.0 262.641198709 2.27939110943 0.105569702866 271.35
261.0 262.33115474 2.28049485097 0.109736369532 271.35
262.0 262.029130202 2.28177983597 0.113903036199 271.35
263.0 261.727770919 2.28320902255 0.118069702866 271.35
264.0 261.421151999 2.28474618263 0.122236369532 271.35
265.0 261.106505979 2.28636504878 0.126403036199 271.35
266.0 260.784231991 2.28805170628 0.130569702866 271.35
267.0 260.456658197 2.28980133508 0.134736369532 271.35
268.0 260.126510246 2.29161318323 0.138903036199 271.35
269.0 259.795890799 2.29348706482 0.143069702866 271.35
270.0 259.466022388 2.29542214792 0.147236369532 271.35
271.0 259.137487604 2.29741704672 0.151403036199 271.35
272.0 258.810562276 2.29947015583 0.155569702866 271.35
273.0 258.485423145 2.30157982476 0.159736369532 271.35
274.0 258.162224927 2.30374440263 0.163903036199 271.35
275.0 257.841116834 2.3059622434 0.168069702866 271.35
276.0 257.522243798 2.3082317071 0.172236369532 271.35
277.0 257.205746354 2.31055116099 0.176403036199 271.35
278.0 256.891760518 2.31291898074 0.180569702866 271.35
279.0 256.580417681 2.3153335515 0.184736369532 271.35
280.0 256.271844509 2.31779326902 0.188903036199 271.35
281.0 255.966162848 2.32029654071 0.193069702866 271.35
282.0 255.663489647 2.32284178659 0.197236369532 271.35
283.0 255.363936874 2.32542744033 0.201403036199 271.35
284.0 255.067611458 2.32805195017 0.205569702866 271.35
285.0 254.77461523 2.33071377982 0.209736369532 271.35
286.0 254.48504487 2.33341140932 0.213903036199 271.35
287.0 254.198991875 2.3361433359 0.218069702866 271.35
288.0 253.916542527 2.33890807473 0.222236369532 271.35
289.0 253.63777787 2.34170415975 0.226403036199 271.35
290.0 253.362773704 2.34453014431 0.230569702866 271.35
291.0 253.091600576 2.3473846019 0.234736369532 271.35
292.0 252.824323795 2.35026612677 0.238903036199 271.35
293.0 252.561003441 2.35317333458 0.243069702866 271.35
294.0 252.301694394 2.35610486291 0.247236369532 271.35
295.0 252.046446366 2.35905937183 0.251403036199 271.35
296.0 251.795303945 2.36203554438 0.255569702866 271.35
297.0 251.548306643 2.36503208706 0.259736369532 271.35
298.0 251.305488956 2.36804773018 0.263903036199 271.35
299.0 251.066880432 2.37108122831 0.268069702866 271.35
300.0 250.832505741 2.37413136059 0.272236369532 271.35
301.0 250.602384761 2.37719693105 0.276403036199 271.35
302.0 250.376532667 2.38027676887 0.280569702866 271.35
303.0 250.154960021 2.38336972866 0.284736369532 271.35
304.0 249.937672878 2.3864746906 0.288903036199 271.35
305.0 249.724672893 2.38959056065 0.289187127108 271.35
306.0 249.539903903 2.39274003869 0.289471218017 271.35
307.0 249.359530671 2.39592208959 0.289755308926 271.35
308.0 249.183523133 2.39913568848 0.290039399835 271.35
309.0 249.011847852 2.40237982142 0.290323490744 271.35
310.0 248.84446815 2.40565348616 0.290607581653 271.35
311.0 248.681344267 2.4089556927 0.290891672563 271.35
312.0 248.522433501 2.41228546399 0.291175763472 271.35
313.0 248.367690362 2.4156418364 0.291459854381 271.35
314.0 248.217066722 2.41902386033 0.29174394529 271.35
315.0 248.070511963 2.42243060068 0.292028036199 271.35
316.0 247.927973135 2.42586113727 0.292312127108 271.35
317.0 247.789395096 2.4293145653 0.292596218017 271.35
318.0 247.654720671 2.43278999568 0.292880308926 271.35
319.0 247.523890796 2.43628655545 0.293164399835 271.35
320.0 247.396844667 2.439803388 0.293448490744 271.35
321.0 247.273519883 2.4433396534 0.293732581653 271.35
322.0 247.153852595 2.4468945286 0.294016672563 271.35
323.0 247.037777642 2.45046720766 0.294300763472 271.35
324.0 246.925228691 2.45405690193 0.294584854381 271.35
325.0 246.816138375 2.45766284015 0.29486894529 271.35
326.0 246.710438424 2.46128426859 0.295153036199 271.35
327.0 246.608059798 2.46492045112 0.295437127108 271.35
328.0 246.508932807 2.46857066926 0.295721218017 271.35
329.0 246.412987242 2.47223422222 0.296005308926 271.35
330.0 246.320152488 2.47591042687 0.296289399835 271.35
331.0 246.230357639 2.47959861772 0.296573490744 271.35
332.0 246.143531616 2.48329814688 0.296857581653 271.35
333.0 246.059603265 2.48700838399 0.297141672563 271.35
334.0 245.978501468 2.49072871608 0.297425763472 271.35
335.0 245.900155236 2.49445854751 0.297709854381 271.35
336.0 245.824493804 2.49819729978 0.29799394529 271.35
337.0 245.751446724 2.50194441142 0.298278036199 271.35
338.0 245.68094395 2.50569933778 0.298562127108 271.35
339.0 245.612915914 2.50946155084 0.298846218017 271.35
340.0 245.54729361 2.51323053906 0.299130308926 271.35
341.0 245.484008662 2.51700580708 0.299414399835 271.35
342.0 245.422993393 2.52078687555 0.299698490744 271.35
343.0 245.364180888 2.52457328084 0.299982581653 271.35
344.0 245.307505054 2.52836457485 0.300266672563 271.35
345.0 245.252900677 2.53216032467 0.300550763472 271.35
346.0 245.20030347 2.53596011234 0.300834854381 271.35
347.0 245.14965012 2.53976353459 0.30111894529 271.35
348.0 245.100878336 2.54357020251 0.301403036199 271.35
349.0 245.053926882 2.54737974129 0.301687127108 271.35
350.0 245.008735613 2.55119178989 0.301971218017 271.35
351.0 244.965245512 2.55500600075 0.302255308926 271.35
352.0 244.923398712 2.5588220395 0.302539399835 271.35
353.0 244.883138525 2.56263958461 0.302823490744 271.35
354.0 244.844409459 2.56645832709 0.303107581653 271.35
355.0 244.807157239 2.5702779702 0.303391672563 271.35
356.0 244.771328822 2.57409822909 0.303675763472 271.35
357.0 244.736872409 2.57791883052 0.303959854381 271.35
358.0 244.703737449 2.58173951253 0.30424394529 271.35
359.0 244.671874655 2.58556002411 0.304528036199 271.35
360.0 244.641235998 2.58938012492 0.304812127108 271.35
361.0 244.611774714 2.59319958495 0.305096218017 271.35
362.0 244.583445304 2.59701818421 0.305380308926 271.35
363.0 244.556203526 2.60083571243 0.305664399835 271.35
364.0 244.530006391 2.60465196877 0.305948490744 271.35
